1.14448809886487
0.502343223957295
0.425682216060773
0.721713640763405
0.547548736025283
0.84059454257553
2.65827785358514
1.29253868938425
1.79640931354444
0.391167842027969
0.412774337156944
1.78009524475647
1.07145578293059
0.472966170336146
0.685132921159673
1.11505542777255
0.447795461842431
1.61639420670532
0.512647658121478
1.37631036560832
1.45165804279073
1.45627341579212
1.40047968159877
0.526845668499302
1.34451724221552
0.722267445027064
0.742910065372926
1.32790352854296
0.90511948080361
1.08287227121116
1.01922595759423
2.07249204358181
1.8553808237065
0.544752196757925
1.24704249661883
0.927698336649855
1.47241126403154
0.527441572724846
1.18987283816977
0.627146788264198
0.772954692483421
1.05721931918804
1.04990196626577
1.32262786560028
0.899916673279666
0.841575171322126
1.24550793846647
1.08383126691799
0.731616145739819
2.64063587026548
1.72509633350044
0.521414009746701
1.23232652162436
0.414627397194687
1.28212787115714
1.00401294898726
1.16466810389733
0.893588248047131
1.32251570772253
0.584071362319896
1.47014342215267
0.71611531594931
0.402810482107781
0.420149926660673
0.541648556244025
1.285125383556
0.54595616025483
1.01488774473163
0.390262579594704
1.65923582957859
0.924258161227896
0.713882698116044
1.39532801767535
1.56286250547621
0.613725860730757
1.16318011653409
1.18089886411707
1.09221865735199
1.05815514681206
0.722283285073452
0.684470384803113
0.713691515510564
2.30863070736407
2.83834012018008
0.968598901154547
1.35021496398522
1.05760000971419
1.34199600282107
1.12841315959393
1.52458933163235
1.56323316074799
0.784624005306017
0.620673131627417
0.850286530252079
1.90936560382855
1.48232759212855
0.815506427998966
1.11947745565282
1.15143396897119
0.902183196542775
0.467356994301597
1.37446750530694
0.677783573840427
1.09483916188051
0.697494632344635
2.14439687694099
1.49917570276719
0.927257018546317
1.41522028921112
1.84018115366318
0.421154232127522
2.21606617848124
1.61239497885686
0.569929769433263
0.496807070857183
1.33790643114015
0.805728089399971
0.742511871624615
1.01698743028578
0.726967175462718
0.522099622875628
0.524071299496524
1.30848475730851
0.822486148196148
1.7663506995025
1.2539393972252
0.39570479007317
0.590815976635148
0.872541579724862
1.26213322788873
0.542928427230126
1.92660977475263
0.805574073354149
1.20830975349515
0.817226215237226
1.34321398978319
2.3907520458673
1.89586901114653
2.08971559544501
0.804178571558431
2.05878380990954
1.19718724777612
0.669885430895787
1.49433677395521
1.24004565988497
0.486719282256379
1.09240736902447
0.4736331640009
1.01584894050886
0.498470285587457
0.648323489994961
0.749769708130002
1.01186745153306
2.01423802130052
1.48011718557118
1.09327040704519
2.24782234533652
2.0029938802426
1.00227550078868
0.713278291240456
0.699617261321514
0.652473479995425
0.430001710798886
0.563234892842272
1.12461151480248
0.564813926862967
0.804667392833119
1.53191671073885
1.4280027016001
1.47936308996148
0.706029684828191
1.07018221965327
2.29689378415235
0.816359873394669
1.1239556578484
0.747944508226142
0.677297913994013
0.855819138205254
0.987506317616731
1.42541917830246
0.410521218187455
0.638730607948157
0.802383960291446
1.95041395912417
0.893723817354252
0.794712610641444
0.402610225504889
1.50840851324266
0.440405207750331
2.28016691747337
0.668672777310672
0.523535877238538
0.504134208442212
1.76433179719455
0.501233301333043
0.386509458117169
0.946169563070839
1.17968380727002
0.964279072327832
0.54542091772352
1.00124259920122
1.82005077525975
0.954691633647379
0.850483503263254
0.436593991032331
0.543302340343357
0.847781279509753
0.657653100036215
0.701970248459598
1.20202992476166
1.54532124833747
1.1033014182136
0.404830563844817
1.03555352239701
2.14727374957827
0.547425021867468
0.684400232369595
1.11519787928062
0.624114148477174
1.47869503907802
1.69569266165203
0.991460676868457
1.19884414416236
0.679127120830672
0.703122271740849
1.67080749016595
1.44593222548536
1.18022403009279
0.680591311137415
0.557068964147097
0.820754014623335
0.845181229923545
0.528521751697406
0.912684682841498
1.6425562741473
1.35970840072934
2.92034722715099
0.662740335081916
0.927072639427737
2.28022786447141
0.606069614180539
0.398497699867305
1.23482385834723
0.383027348353425
0.673686790333412
0.857944140925948
1.13111396423551
0.447131434044883
0.389423584092711
0.605121030066743
1.5220125556986
1.7616369093843
0.792724104241585
2.00004351399929
0.552833238128273
1.1128282900164
2.5072050328803
1.08201088517197
0.38855672557847
1.18089082556776
0.8400931867884
0.493149249431616
0.633936502976776
0.995339713782365
2.06491120689626
1.78284187898312
1.23172181293535
0.494603315293888
0.476167264625314
0.511758421252946
1.6925544167818
1.6415039097035
2.12232271817958
0.71268446742899
0.398634073624866
1.22629216466694
0.45898647665446
0.414035613882273
1.49010153552429
0.398563699457965
0.735219666689588
1.17382026770094
1.08947271315587
1.34925320250815
1.51540333698625
1.15562680670166
0.383418463710993
1.01852310463051
0.666778168351985
0.477160163098562
0.756755844151454
0.838172588074388
0.60080410237844
1.92364341326493
1.30706821767513
1.31620127426438
1.36465884021778
0.414432275105705
1.90571952589748
1.017129001775
1.36685406435299
0.777044473649266
0.388314923810888
1.07067265732407
1.62018132671448
1.20257492198887
2.45930512936292
1.57511693563316
1.37305163399981
0.955277923418103
0.530701372597984
0.885393121658154
1.07302405428477
0.555225644476034
0.566144420345587
1.86205771282224
0.815541197773166
0.852836409666107
1.17658337517991
0.655574547635822
1.84397469482129
0.390659034533405
0.570823927405328
1.04669056334533
1.19590017931202
1.36876121070783
0.616741045095812
0.925386988696023
0.678263483668326
0.418485041659827
0.635296486289744
1.4428304428557
2.08592991619394
0.798224068189977
0.77521234161865
0.640306324274355
2.24468204109523
0.490174334343971
0.694988846217563
0.483619709056996
0.652582708908262
1.89222165484924
1.40992830264911
1.08554986063452
1.49974493121235
1.12684645655102
0.425995821964451
0.551352746453992
0.7121965031095
1.1202349687183
1.20572231414206
1.50001332808609
0.53902802550399
1.78869032250725
1.37484667417493
1.32014864366037
0.656102814232459
0.683634895001444
0.775916879764792
0.475518837374684
1.40535870051784
0.407622250843377
0.887749547808439
1.59767137137973
0.895593558612959
2.34436936247514
0.833856251278631
1.4066124994257
1.53004315945295
1.10331127112942
0.435730912987971
0.39379164032861
1.7997286934739
0.541177237615072
1.57003718910133
0.391520018844665
0.890602444946499
0.799146156685061
1.00782087402103
0.888998146901303
1.03215994264528
2.06938796663771
1.8243938810571
0.421990553093436
1.6778728912984
0.861632726041677
1.01004749038363
1.25513865880909
1.34662745394435
1.34617401457261
1.78235541091352
1.54785100135008
0.705899600492599
0.650515242766768
2.1146634517481
0.450053187032254
1.83146247860653
0.610937717932844
0.749684784275907
0.527108352788955
0.922218718385474
0.572420552835337
0.762957919507739
1.24035245333145
1.50288813604889
1.38243067376545
0.821463476507502
0.846155276520393
1.43140665275002
2.3209365131079
1.38034553413265
1.58553418725261
2.1495202768479
1.05829861166622
2.05483541048946
1.15468463000356
0.473488762021829
1.19212508086268
0.87269496234777
0.662677344924528
0.429752489565872
1.74133440704501
0.839476558486108
0.553232134221636
0.423992916584692
0.495131289312488
1.64070089452784
1.8103677893261
0.656190589139402
1.60106061220154
1.74199539757361
1.48001807047348
1.77268778913362
1.50217609139958
1.42153851066986
0.627827220263713
1.48936704890719
1.8208349046272
1.92189475247929
0.942200301959034
1.26921115675894
0.97710203551836
0.433482616520208
2.09131521047694
0.570649243992898
0.795377229724416
2.27965573293556
0.591133310338231
0.948829071164416
0.424882794563949
0.590017471590754
0.780780027037067
1.85633580507922
0.752467311174937
1.24989578629458
0.871648826148659
1.2119385469172
0.840290242567786
0.761148012469329
0.570031319727025
1.69974408863376
1.97469992459192
0.515613911313224
0.972726781476358
1.03741526465224
0.873250484240837
0.764514037358394
0.393184258092142
0.40440719285574
0.726378422991626
0.483650154197273
1.52307654642637
1.7765808341949
1.62238447547654
0.453954249207074
1.64277678687517
0.556175185891371
1.81042950206888
0.442101349206095
0.448377921585042
1.73654875029941
1.79472897815148
0.812395968766724
0.88006941098892
0.622728823209423
0.63077489658541
1.84786774185045
1.01243831725625
2.26631639111281
0.644127781545124
0.789664576475154
0.467708628079108
0.803906858203236
0.514973785641341
1.47673288975724
1.89368289531468
0.6059101307584
2.04259174768645
0.40880205734105
1.5797674324259
1.05396932932793
1.01084809861744
1.01451139246696
1.42918601554952
2.50428574215194
1.1688554828116
1.33383937572338
2.2273405644527
0.395155216940121
1.11704946785649
1.50085260401196
1.38061764319832
0.714527878748084
1.75857507017236
0.965810271488136
1.01498556586475
0.471395641458568
1.10612661612201
0.617011799104648
0.499629911000873
0.702718289503795
0.738369212262883
0.688891171503398
0.661043592639338
1.46498945775792
1.48537425512531
1.24227809473015
0.834533361889896
1.4700189905324
1.56430112441792
1.15153863707483
0.799827981789081
1.22493622435505
1.38763031723158
0.417201060172284
1.38618885070022
0.718749073150852
0.493695018148326
0.627567135575325
2.64102056424913
0.579346175087569
0.836541173041375
1.12897746846597
1.39598779146746
1.06224476491241
1.00130685313726
0.592934076314475
0.757779775866301
1.86605651669787
1.89588176319645
0.578080266204317
0.532473665497208
0.958112164271735
1.21803167718822
1.45092406738293
0.895137522165989
1.42128155729971
0.443665741698344
1.27557931045746
1.42433019031656
0.580397400812745
1.45693020199699
0.948719825481561
0.511633126054326
1.36929253906583
0.69798626115369
0.637380970643267
0.73685138199627
0.482309208694583
1.01028765466019
0.539383252459831
1.50336681582507
0.666957848414893
0.674711182413758
1.96644866415626
0.459888214405579
0.627622477560656
1.98312022894081
1.33123361784247
0.962199119271279
1.71888625156624
0.608789898550486
0.53852127631962
0.637451272967137
1.58174523496106
0.430243827337532
0.68021208660093
1.73862464138459
2.12703553100041
1.26998467880102
2.04764940077603
0.631698611213178
0.556377880746431
2.14891008063027
2.56469465124722
0.628056298564213
1.98079400028959
0.947568884649221
1.09622897165119
0.54674271097047
2.23085974724317
0.583819228234916
0.812097565496477
0.784181401674973
1.63544439445537
1.05136803305334
0.402706249917769
0.778783069526458
1.81244155114188
0.709348621145071
0.64168338921507
0.453099440223132
0.76344558746925
0.914523391525984
1.37532433192518
1.85939068211195
0.59835164556525
0.856982167249189
0.749651054985739
1.83406917060961
1.17795326220458
1.10284100898945
0.87800927607347
0.726145638659254
0.483341836972822
0.796562836599299
2.61132240456364
2.7866997240528
1.88713200883472
0.512270061629308
0.754119051723285
1.17803828085395
1.17858790795552
1.56229722697471
1.12521836791371
0.570346942631907
1.16883396529117
2.22676508071387
0.863541620611449
0.710196594065827
0.461259441593417
1.32231343844198
0.412133884489831
0.852110576011427
0.856720093664052
0.525974174382239
0.69247497677416
0.450444106329515
1.38480377205623
0.592587630526784
0.479305492352422
0.555678010183867
0.44741753377034
1.08241708482929
0.892298105891964
1.10271852431198
2.49971849812122
0.762020424831936
2.70032138361925
1.66977178343038
1.33660051556157
1.11679493594943
1.26595187529647
0.547978239799874
2.19856338964845
1.13161369909358
1.80941456995093
1.18032998648719
1.10415868901186
0.68664813142304
0.525127871794148
0.392935891813892
0.836222002499196
0.627956212216102
1.07433628147127
1.12704021661089
0.768911192141824
0.601418473319793
0.474865173307318
1.30590624794651
1.29033256036228
0.618610981498137
0.997313354068664
0.389429374749983
0.782818936966449
2.04655858767306
1.00634751702219
0.90025246180984
1.30002222698418
1.22076076651091
2.03931609485438
2.06332367458128
1.14651452099412
1.60589882940414
0.889726286950292
1.15799876517838
0.653749026334668
0.403443197941827
1.36990184085908
1.03590834576104
0.711499218435782
1.0638336950404
0.65958282510766
0.873830982513768
0.992040992744024
0.938618812040294
0.594717617471106
1.30448655159817
2.22660997565062
2.31714127706445
0.422457778074074
1.2336885762524
0.746625641743623
0.964402264257909
0.776161926496355
0.759794779296903
0.45365984051229
1.02385741044824
0.707472951254351
0.404648747990644
0.538065509802313
0.896087977414965
0.486955187919611
0.761811043290869
0.485526992646213
0.646332296444436
0.410181713314211
1.20210702939198
0.733854963881118
0.546748788010615
0.726218921741038
1.97458428159134
0.973162804862662
0.905763698412464
0.798235493771651
1.75320465697819
1.25628885083374
1.55133442859974
1.2675118521628
1.7288644647028
0.85649757341926
0.909091293639171
0.427493318584839
0.403363443733592
1.91635573025147
0.58959386785607
0.763710408712401
0.497098769567976
0.398251770205726
0.390080576936227
1.10575221015951
1.72760107870955
0.969094234935404
1.156492912058
0.695637878347518
0.570840264578831
1.93039161279845
1.02706547824897
1.62862430806191
0.42907646878735
0.792501883880031
1.3196264671231
0.785572315268688
1.40313108205066
1.64768295103705
0.442998790868407
0.424170544769102
1.59076905680089
0.520714751632571
0.601421054821273
0.546425955229802
1.73416523972064
1.77612965886994
1.95105896332333
1.43273346445057
1.30154182170586
1.47601550131353
1.23779509499542
1.23934474654479
0.519670341276355
1.02248874097094
1.95507863644058
0.967082293549471
0.539897929579039
0.690549250536581
0.889988094438395
2.16725078205592
1.27398471614232
0.912789987280781
0.531639861015132
0.447472787443409
0.698219273502349
1.38017747777435
0.804937751804174
1.52178492769067
0.744948851383929
0.993502224202784
0.900828400073639
1.54719579127474
0.772557269269008
0.852667112550754
1.1792047114969
1.58530898852551
0.61388986855961
0.624869634307458
0.537883973317736
2.47406067595432
1.7100421879632
0.95287643254443
1.70551932137554
0.420477944221586
1.52563398378262
0.427635868773341
1.62931404727857
0.699025185466502
0.810842862425987
1.23216640766158
1.13521584296548
0.980238973171783
0.412732855858589
1.54455131257675
1.25448145157036
0.535453720118849
0.752842525547239
0.989629033781618
1.19888766722534
0.48347816180588
1.26432213649904
1.83035137614949
0.407041435053735
1.47756868203778
1.55401830037157
2.07529718611291
0.995475078565512
2.85054061919179
0.437217190909411
1.27966800366044
2.39322445074373
0.978789065956277
0.982564311954908
0.515758206673439
0.384946886107611
0.401855221430443
1.89992723109902
0.41143571391414
0.447112709809674
0.678614836378734
1.88548294092315
0.675808051438593
1.025889890393
2.65607480412539
0.973195015077352
1.42650643663019
0.787702034691607
0.869143211562866
0.815470262738217
0.585570362398758
0.521371557668954
1.46207087496359
0.937822640490379
0.683925236998966
0.797532796082131
0.511714683867175
1.1357218045703
1.42932028249778
1.63573187064055
2.23889394218061
0.977729279121558
1.19313798309831
1.05129996157379
0.821307664271507
0.611078997391391
0.530657047730453
0.474215463263237
1.22349076372327
0.523143596396407
0.682182773123915
0.460767864933709
1.04268551741545
0.953838446530942
2.21919738123116
0.633119499309756
1.31104875498798
0.705989405282716
1.26583744895967
0.997554896234755
0.980030708990325
0.563845918621422
2.67907236143862
0.725021366936585
1.26011659064722
1.29731305935188
0.441537671055621
1.1812447726048
1.76231731977102
1.17807726424481
0.502983519301279
0.416325074629304
1.30316658353896
0.957577868286405
0.770541520899419
1.0319149737122
0.391471871304239
0.91914254964421
0.725236445753608
1.78124131153503
1.58455650323416
0.494822526090796
1.29936984179445
0.614072722008074
2.72416758343099
0.819657171022836
1.21565225511107
2.96301192990361
1.85798084133085
0.709692868875959
1.37310492673706
1.22630899213114
0.570570349283491
0.582303564232665
0.515816796970299
1.07306385945107
0.497486843313775
1.04289125439797
0.933930088180469
0.756967431873948
2.52716138265799
0.686025576277315
0.398435227774894
1.27656998076405
0.727217173641727
1.4484681850938
1.47033095026455
0.603571996737463
0.703746289995379
0.531644702613419
1.46456468174337
0.872253872010195
1.03337080933533
1.2928278598886
1.81310330455957
0.882447191977916
1.21979073501139
1.4375267780985
0.440339924362159
0.758385497266778
0.723905009435225
1.01649545319345
1.68039822556629
0.518925358434997
0.925010377615167
1.15748078656665
0.492374078343617
0.894439433674307
0.906395821456061
1.27769541175185
1.17038171993276
0.451529859924897
1.96451196131371
0.855710803364949
0.834003747517161
0.661604136132628
1.05613454618553
0.669588257531664
0.631095760527709
1.0124566831643
0.737044095150637
0.538223211777657
0.499699445259188
0.402043616002309
1.37277114267626
0.530771786549006
1.91019666701813
0.408068695526397
0.693958664678988
0.431705998006822
0.943601242803445
1.46787831973226
0.772475596313067
1.58376559142287
1.06021492048345
1.26513804236825
0.515730918037648
1.54772890703674
0.507135549198971
0.782247729545636
0.397031385737816
0.766181080393827
0.864526454268223
1.65599246057327
0.406968086375799
1.66278247119681
1.00088333013258
2.35021273595724
1.35749831058885
0.80573647376568
0.471257863272059
2.08216617955156
0.942035687153146
0.827375835120977
-1.688108362934
-0.615347965422661
-0.831200093838716
-2.45045602718683
-0.862168539963214
-1.37520054841724
-0.732493649633126
-0.49034725984318
-1.98792261222883
-1.63107738868812
-0.74574418088233
-0.995011060702827
-1.51930534985151
-1.27685771331736
-0.707007347965357
-1.6761469617899
-0.589007839064562
-0.765584911233536
-1.92562039660906
-1.71249253015813
-1.6150446919374
-1.46120654748465
-1.69465090058522
-1.30679886439647
-1.08918722887055
-2.06776612026386
-0.957243859859728
-1.83166945498216
-1.73111705628886
-1.22007443343041
-0.818580501229932
-0.587381810512741
-0.807890553330708
-1.46819676598124
-0.809995141898186
-0.75176966315511
-0.541177432179349
-0.824829553361085
-1.44653737128529
-2.1112547797551
-0.564951476996572
-1.94367760646421
-1.47551159064464
-1.25354822845398
-0.859990212448109
-1.39835368609867
-0.960553305086134
-0.534090553082295
-0.566121484832182
-0.640384475063015
-0.640765476200751
-1.13786613581456
-1.21509643690366
-1.17640291690625
-0.99958275697048
-2.1399965147824
-0.425036039711038
-2.33643989789431
-0.617640700809275
-1.58168284803277
-0.538152900528869
-1.48580793172891
-0.409353502312934
-1.22973610570653
-0.394751424554704
-1.65559833116506
-1.73759709786888
-0.474885278558631
-0.704670776585507
-1.27543533214025
-1.01556264626645
-1.70769183040647
-1.0217437562102
-1.53731068450045
-0.965648359475827
-1.37601212068192
-0.673515877785987
-0.78334780763961
-1.0150660985358
-1.21398285928059
-0.652211636506068
-1.74810542900327
-1.08315510745252
-1.47848688078405
-1.39019728572185
-1.34253465866736
-0.418329378856886
-0.608680480787966
-0.781942481516996
-1.37400743172732
-1.37869119377532
-0.708577244952118
-0.419607754355658
-0.96496543636944
-1.84898670579346
-0.597892295689452
-0.421608623222985
-1.63000918099131
-1.34250073576965
-0.662618793754244
-0.388308945830125
-0.561357065920091
-1.21806570223354
-1.69311269095567
-0.986230527260399
-2.37501833559727
-0.733708692531702
-0.798112355375027
-0.912953307148353
-0.965566281351366
-1.57205973391457
-0.67901321519665
-0.95335295345414
-1.02123868695687
-0.806494360395591
-0.863958598608945
-0.873323379089748
-0.795815813760711
-0.634003372462454
-1.33136223757145
-0.946308284272653
-0.753941650031685
-0.91469946950521
-1.7054752748631
-0.879892922586532
-0.887413570598558
-0.856285794544718
-1.50817718336231
-1.7751345868679
-0.908125316503714
-1.04721669918521
-0.692455436262459
-1.35491898932683
-1.61440745688454
-0.390116144794811
-1.04679815402859
-1.5093960440392
-0.549497220347258
-1.06388156595002
-1.18171839214884
-0.99332108413768
-0.848589290530729
-0.764231529162881
-0.804422204609213
-1.75404455493834
-0.77165828259504
-1.5966604643488
-1.09246294474546
-0.942193302961203
-0.945200619641517
-2.02073526681678
-1.68046753635898
-1.21697871151686
-0.71195420928249
-0.629473775637134
-1.85255001288863
-0.405980224233694
-1.16849069694813
-0.999621372942133
-0.695511547700597
-1.12048279988573
-1.9782760187271
-2.58478054748664
-0.8974169667949
-1.44377146889249
-0.914211227574601
-1.28846861943006
-1.65035183746854
-2.87482610047799
-0.886367661551441
-0.917043822903724
-1.13746968990185
-1.29694461799942
-0.897233616589561
-0.796015207361208
-0.891868649991454
-1.44247716807589
-1.84390516407107
-1.14182039808198
-2.6489933805598
-1.36975523677171
-0.99915161921977
-0.624423447480422
-0.937294157102267
-0.619657485410264
-1.16633256928255
-0.61124283855276
-0.701814088132466
-0.908741605414201
-0.879625446965599
-1.1952882657836
-0.405215280057262
-1.06565333706938
-0.52354225519869
-1.13760521978224
-0.964094693100954
-0.693866843908236
-1.37938495257401
-0.383892256577132
-0.621348813337008
-0.896445359569818
-0.984461782295125
-1.27177554561313
-0.453410751309926
-1.61326693995311
-0.38953569573684
-1.27389556637886
-0.41570390548973
-1.07617129773163
-1.1515355561124
-0.75283008331747
-0.402569198302147
-0.764386265559245
-0.665560621549494
-1.2396643506746
-0.508889336117647
-0.581293114558271
-0.891696053634884
-0.693918986919057
-0.981536555505839
-1.67840029006823
-1.52814610906176
-0.925865749668304
-1.55669680700532
-1.75985252507055
-1.67476378867723
-1.56775895356657
-1.36580855247177
-0.977148569319597
-1.21515192853028
-0.599847895928896
-0.741011988341624
-1.13554742814547
-1.10894832422387
-0.50408009391752
-2.06083722663323
-0.990716882762419
-1.63072572393978
-0.56174312469954
-0.412385122533758
-0.493451853941393
-1.17892124412152
-0.49087620680892
-0.882242038456426
-0.908745906975752
-0.772702325242869
-2.53984198053652
-0.967214898373704
-1.09049685888826
-0.527200164521619
-1.25463653581442
-0.641632254484595
-0.777290164919415
-0.619177129603908
-1.59494281209456
-0.712481217644751
-0.835951615348001
-0.433577045388188
-1.39522246165342
-1.92710815104733
-0.675865653184504
-1.92265000487339
-1.1544004530959
-2.07157534508792
-1.87564370342688
-0.956561135503812
-0.989755657251842
-2.24698902791648
-0.620848734348611
-0.431193692539915
-0.396309181980837
-0.706428411301271
-0.933576296165856
-1.17543238957511
-1.98810966027924
-1.67943261500172
-0.847780323534167
-0.901603199541621
-2.45287090148974
-0.817412162638211
-0.79305285569029
-2.14288830172817
-1.16156586235495
-1.39610611023791
-0.509004917042875
-1.47019139389668
-0.945717187334176
-0.643391232596745
-0.402112755290223
-1.11107194328696
-1.70997939568337
-1.6514137629598
-0.957489292922159
-1.14951503032772
-0.654012228563811
-0.48607516721877
-2.27539544989346
-1.55295746051993
-1.03843007759021
-1.6174564365733
-3.33061176714546
-0.965719211288403
-0.747613305812073
-1.44269161669104
-0.525128474579321
-0.454613353140381
-1.13974850454979
-0.719490300274955
-0.391149962865781
-1.35531211026942
-0.779515054922797
-1.25543801853389
-0.572410524120801
-1.98035839417504
-1.39717471154729
-0.520797034810668
-0.607882281451427
-0.839909860878497
-1.04158118372801
-0.898646017650607
-1.38332079545438
-0.674620397377304
-0.91619994643915
-0.616520614423856
-1.24923116326975
-1.57076590997989
-2.05899733024592
-1.75905099711491
-1.10480873778683
-1.80338445598599
-1.95792531528448
-2.59555534264387
-0.70927150939677
-0.995237990172199
-0.97023896729023
-0.645778645120658
-1.37722613658138
-2.27954040514759
-1.32448354831152
-1.17146726256275
-0.6743932366819
-1.51928969118683
-0.664564224789666
-1.42536319205668
-0.710211400606418
-0.447570072428166
-1.60051030169096
-1.40034290185566
-1.55122118462976
-0.451145198870529
-2.28762467319927
-0.498055405760652
-0.503662388059926
-1.70670350997907
-1.18166164984442
-0.637036271567454
-1.14066177988912
-0.693476004249419
-0.761167386817076
-0.602072025583743
-0.485460993020858
-1.66689591645729
-1.19972530343654
-2.23085480342667
-1.29968091629125
-1.19293686017209
-0.795243304980079
-2.29300300619611
-0.588280180145335
-0.808758236746647
-1.56964078337475
-0.481785637137449
-1.74840078367067
-1.22664644209339
-0.686455125303137
-0.684248650822919
-1.27802783648554
-2.07759643196611
-0.445390993421423
-1.14877335591946
-0.42378711182657
-0.967793338387221
-1.36409804763442
-0.547757606684992
-1.32348880887168
-1.10858611603054
-0.777683986122146
-1.49005739471597
-1.51477833877812
-1.11754174859523
-0.486858144666872
-0.970847300373711
-0.65190137164958
-0.927756652588177
-2.40612241310117
-0.8917016620474
-1.34073178308926
-0.797677559219305
-1.52327833636809
-1.85750741843033
-1.33923366226994
-1.31253710223476
-2.47432830348323
-1.20117941658091
-0.980191169945333
-0.958009503511938
-1.24704281135903
-1.74218489282404
-0.534657749951791
-1.37525971039878
-1.4731835208212
-1.07836545832788
-1.35825584365598
-1.04625143957724
-2.38765276159244
-1.44990612238305
-0.425408513885251
-0.686203318982575
-1.13273709558859
-0.38439322196522
-0.782522328145987
-1.29787614405102
-0.536036085409565
-1.34258367554354
-0.480087015416949
-1.74999846538626
-0.463248580750149
-0.826920118840657
-1.0254529826502
-1.70866855219864
-0.425455536509165
-1.0579917338426
-0.736335494370932
-0.458255780467176
-0.858740339732502
-0.533281282748584
-1.53654872251303
-1.70906539985509
-0.426359263985364
-0.901905616899483
-1.18476532664515
-0.508369374123284
-0.960901076325923
-1.09978720587867
-0.439615236477508
-0.923274787059618
-1.37041059789838
-1.72005360577053
-0.417776036096396
-0.972258531116513
-0.705850574890474
-0.668907077909588
-0.569372588462277
-0.748307386448126
-0.899277232209752
-1.95711525788909
-0.67987574142346
-1.30550454290917
-1.2696623645427
-1.15250856088064
-0.786652013562017
-0.67350664193753
-1.08570955178077
-1.36507951424436
-1.17572323546362
-0.763937464260928
-0.972908780776749
-0.589506824012359
-1.91454804526387
-0.926827786388021
-1.08940809093227
-1.5417852168544
-0.421287337761402
-1.15426764698902
-0.488205457571159
-0.705801431995712
-0.65167365691248
-1.36325764137679
-0.399184155272471
-0.960677325395929
-1.21881455126405
-0.522198854021364
-1.58783969186541
-0.471057598316961
-0.471277885764649
-1.25733259266599
-0.523583976958762
-0.8031759276249
-1.10134254397119
-0.7436355928514
-0.411466442841127
-0.986316723117987
-0.823022578069393
-1.89784983923619
-0.662115220982401
-0.832455819137735
-0.599448481839456
-0.452093353031819
-1.20942346134458
-0.56125556671708
-0.866790424767228
-1.65011072189687
-1.55052151964751
-1.09583837219369
-0.798828827049748
-0.741007143092667
-1.48169820278694
-1.06856037245747
-1.10787181615969
-1.12088707812488
-1.28589076483783
-1.23367566097146
-1.10225290155639
-0.510534681384718
-2.3802166243866
-1.22021018324914
-1.57971325456155
-0.792296657465464
-1.37995437595174
-1.43733900540752
-2.03832173033777
-0.867748335520477
-0.856068396272846
-0.998778053914884
-0.996835493581713
-1.55226333320602
-0.653570940935922
-0.927241721318812
-0.432674138482947
-0.57723718044182
-0.794204897703319
-1.18027753603093
-1.55138909210747
-0.510937398433793
-0.938495926267348
-0.494800951087946
-1.49060332522911
-0.595995553033716
-1.86012379055809
-2.27562751238807
-0.548966347128359
-0.883619359369914
-1.06955103443802
-0.659488970665762
-0.774462972706408
-1.16213819924376
-0.515529662880262
-0.417915388020432
-0.506082577566026
-0.478507574337291
-1.4983739213407
-2.65716874784915
-0.41886238613752
-1.49395015400117
-1.87153797586047
-1.72989744140078
-1.03825337875828
-0.765055183936407
-0.957741890835134
-0.384868430681953
-0.986982469302282
-0.474118870389651
-0.743786502361933
-1.34427159897135
-2.54362818051953
-1.28158416243418
-0.873811381615222
-0.999125684461469
-1.88257137497286
-0.922304063923898
-1.11310829630314
-1.75025055736297
-1.03799920797667
-2.11370273065307
-1.13432864616467
-0.928271525557904
-0.871673559491779
-0.742522718160381
-1.50553191904029
-1.13579990325471
-0.413868289315296
-0.560569863962815
-1.67020731135575
-0.62378035256112
-1.3393630786263
-2.07871136629983
-0.555041361465956
-0.860421196360819
-0.801503316129952
-1.16994145421898
-1.73558515626136
-0.533575051731236
-1.04136799652573
-0.581227720082976
-1.44427195280323
-2.00446953231965
-0.527739671151989
-1.52181897822555
-1.73207831673247
-1.14954312841903
-0.677986362254742
-1.86089902548695
-0.65005491340412
-0.611859905964526
-0.416261330355177
-0.470904920086002
-0.551521540039036
-0.495853839860666
-0.60711563758849
-0.71104450757545
-2.56740707824262
-0.855719448682404
-0.497405418152175
-0.872994614941324
-0.428996760371899
-0.699692962443972
-1.13471594445186
-0.496805405962655
-1.32852970148183
-1.12223591294755
-1.17103150759945
-0.444289427931432
-0.974167523061146
-1.01453292692588
-1.08563646489612
-0.433757555497687
-2.12893501569092
-1.56335375618147
-0.923311174570314
-1.53045469381448
-0.538980021013076
-0.441172647351685
-0.771592485555618
-0.871155578651905
-1.35314115201908
-0.599260668986649
-1.16085683902852
-2.29002260553308
-0.702869133213968
-1.64273542048153
-1.57112387493701
-0.944297338232911
-1.04831348372492
-2.32249347405621
-0.557314232326831
-0.665505475082784
-1.95464379707224
-0.838750852288267
-1.22707449609677
-0.782921434446971
-0.511525575166455
-0.728791207361401
-0.603221453128942
-1.09724887491993
-0.427093617118578
-1.4779719139139
-1.50566583070365
-1.90355571490057
-1.89482529911447
-0.926350255930861
-0.414560707215868
-1.41798838039182
-1.79676811789504
-1.68915178650389
-1.13522584817062
-1.57252869577266
-2.05003132568317
-0.755809290372609
-1.44307535503173
-1.49413880242628
-1.21801798332781
-1.36057936467208
-0.997142702329026
-0.691982115460621
-1.26877795727058
-0.762279190171756
-1.33157113022137
-0.732539219571111
-0.726140879345617
-1.05986213929339
-0.905262436282731
-0.930909600114462
-0.937255838742595
-0.804772046386281
-1.11368255052463
-1.29080293963981
-0.537791013927121
-0.631690708052233
-1.80651279247871
-0.807989450841595
-1.57291714089497
-0.936420261127949
-2.45542405009315
-0.782640192433182
-1.79793516992722
-1.3732603845415
-1.38589274390008
-0.938226883370042
-2.3409544234029
-0.917066679383748
-0.437982772707454
-1.60050328052806
-1.32318569597806
-1.27259600154621
-0.445064926878706
-1.15250890721023
-1.67887581137395
-1.77426855146066
-0.389480275534611
-0.444449226143351
-1.12598516373149
-0.591561551127345
-0.83013699367943
-1.54155453228862
-0.443057652427394
-0.673266855214681
-1.05582374576649
-1.12769809688469
-2.86680638603359
-1.15786981553464
-1.23099453908434
-1.63726637893415
-2.77823678277148
-0.859082641979402
-1.02163326019249
-0.663844465038001
-1.81895745017661
-0.869441069480483
-1.52088775720041
-1.55599474461668
-0.688275660362267
-0.587486574578998
-0.484114093755544
-0.730473182959247
-2.41616944487643
-1.96052636485188
-0.844047357154649
-1.37058505799251
-1.24210966211478
-0.832145590751254
-0.810392247369434
-0.412847691723786
-0.47339608153189
-1.30176515849133
-1.33606701275781
-0.691260482916584
-0.382835685311817
-2.75937948460625
-1.25396936703095
-0.738807847493791
-0.530039739670156
-0.847270544531152
-0.929346763879161
-1.29750087430851
-0.432918847273942
-0.970926467604678
-0.424869090258951
-0.569368963085476
-1.34067732498861
-0.831641195229383
-1.03120906401923
-0.493198222025844
-1.43008731154828
-0.39127925206499
-0.581099820102632
-1.62838293941191
-0.805521200425429
-0.600808196927905
-0.94215480891512
-1.02956771815255
-0.538198976817356
-0.392757423112269
-0.490626677526989
-0.896282661410828
-0.893918121053775
-0.462929835995215
-1.31479637420179
-1.95107684247743
-0.45048060770275
-0.48403651807536
-0.518491681405477
-1.38964768291958
-1.18466523109367
-0.672542337858297
-0.850617473973966
-0.525483644682345
-0.987509099368605
-1.20321682745122
-0.509850547607237
-0.597411967118922
-1.89277961798035
-1.39309195120053
-1.05063567655333
-1.09879676002817
-2.17752183374807
-0.564951724627948
-1.57084052042826
-1.27097675833119
-1.51963106856909
-0.814671724671453
-2.05210632352719
-0.668571797080374
-0.588308324404721
-0.506953148029034
-0.707782699948088
-1.47977366873717
-0.454697178114095
-0.470476094689416
-2.42126296811735
-0.411289766804082
-1.76421868111227
-1.54490695233685
-1.94788387755648
-1.33612874448093
-0.433683155172606
-1.25291107671716
-0.841870750706185
-0.954294810572959
-1.5529829974753
-1.04828322446627
-1.02979089064475
-0.937692970445917
-1.27001168760747
-0.736193772762983
-0.535340134469698
-1.2975936677251
-1.36930173774161
-0.55609835314735
-1.1705460166885
-1.18356712457592
-0.732486360250291
-1.03417442937181
-1.01930055957495
-0.757362758314175
-0.435208034820558
-0.888081694323225
-2.10298526077733
-0.436868515265776
-0.80804943210017
-1.38516300837669
-0.454211370859969
-1.8649132196942
-0.823557544856632
-0.904441846614984
-1.46427547005396
-0.737187869836662
-0.478768936726526
-0.902791728357892
-1.17977551626634
-0.753284109563814
-1.82543054927981
-0.998945018194823
-0.997913462322425
-0.720017614614189
-0.495559350028529
-0.703822399153454
-0.437029074953555
-1.12587644748444
-1.86438860909983
-0.423163856259584
-1.23541104569728
-1.97281047985546
-1.1212359293864
-1.97346502103651
-1.20177260252694
-1.34613426655535
-0.644461235559949
-0.461590900131267
-1.48503389883587
-0.919361033837614
-1.03734514719085
-2.01456149116779
-1.05800382917337
-0.769790363185978
-1.1963715063403
-0.498508499428703
-1.88711887665545
-2.30820776099571
-0.759568072088525
-0.696320855192095
-1.29186523009357
-0.850663410758709
-1.50711170609313
-1.14191883704687
-0.997847493185726
-1.21811107422344
-1.45330685202759
-0.480347175285382
-1.0474229742257
-1.10669063976868
-0.666389857105624
-0.94021823119833
-0.796899299984819
-1.15663091601156
-0.451860573776967
-1.03665041946873
-0.792362798473076
-1.56633206290583
-0.381145048910327
-0.415981760609054
-1.49525701843244
-1.26337471642314
-1.07665301342582
-0.814686057965967
-2.29205962292255
-1.59548911763995
-2.17234143038261
-1.10679421255037
-0.6489368560257
-1.92427201769291
-0.571547509167626
-1.57233021142855
-1.95487852388424
-1.18446349379305
-1.13451945814112
-1.11315817715702
-0.945145205356673
-0.429692594607209
-0.405589115602143
-1.76493300544748
-0.85336499128205
-0.634716489198785
-0.669252267690624
-1.52106543991471
-1.19298688849103
-1.11548029108247
-0.782651145147195
-1.11915510172441
-1.77242028127296
-1.93328970348466
-0.625214177702936
-2.35187338821977
-1.49540601613457
-2.05541823689709
-0.675208884373472
-0.534231781427974
-1.34263826195152
-0.505006051154201
-1.29484515299871
-0.6133537600534
-0.970727891796781
-1.49661626132613
-1.67024981105346
-1.00143674883294
-0.624937710368503
-1.29566161169751
-1.09307637699396
-1.17760740041003
-1.60926361937117
-1.0110802928659
-0.977786934253989
-0.531042959601869
-1.21871290985912
-0.866424128900336
-1.47020525215708
-0.650295323044561
-1.51351684563461
-2.0774146280645
-2.07387881785163
-1.93559312383315
-0.576985009734326
-2.13707976901513
-1.96501784786177
-0.804425254800988
-1.86499224975565
-0.985558193156348
-1.00478825244411
-1.02202557349682
-1.52474056155483
-0.985497709605185
-0.755840310294589
-1.47934293353759
-1.34208724422464
-0.820407197832492
-0.91913483499487
-0.988177824253824
-0.863206202209303
-0.5493590245837
-0.803971504188925
-0.952427893881218
-2.19001611216578
-0.683540383236492
-0.397959535268117
-0.855975772483441
-1.21820182681396
-2.13570145499289
-1.22142213475388
-0.72253461891869
-1.01380146565879
-0.939056526503294
-1.04367065682046
-0.63151438520033
-1.02976250158112
-0.735266610682731
-0.499209624973057
-0.429643081640555
-0.842745439269928
-0.890470343333189
-2.04769340019023
-1.0546681011107
0
0
0
0
0
0
0
0
0
0
0
0
0
0
0
0
0
0
0
0
0
0
0
0
0
0
0
0
0
0
0
0
0
0
0
0
0
0
0
0
0
0
0
0
0
0
0
0
0
0
0
0
0
0
0
0
0
0
0
0
0
0
0
0
0
0
0
0
0
0
0
0
0
0
0
0
0
0
0
0
0
0
0
0
0
0
0
0
0
0
0
0
0
0
0
0
0
0
0
0
0
0
0
0
0
0
0
0
0
0
0
0
0
0
0
0
0
0
0
0
0
0
0
0
0
0
0
0
0
0
0
0
0
0
0
0
0
0
0
0
0
0
0
0
0
0
0
0
0
0
0
0
0
0
0
0
0
0
0
0
0
0
0
0
0
0
0
0
0
0
0
0
0
0
0
0
0
0
0
0
0
0
0
0
0
0
0
0
0
0
0
0
0
0
0
0
0
0
0
0
0
0
0
0
0
0
0
0
0
0
0
0
0
0
0
0
0
0
0
0
0
0
0
0
0
0
0
0
0
0
0
0
0
0
0
0
0
0
0
0
0
0
0
0
0
0
0
0
0
0
0
0
0
0
0
0
0
0
0
0
0
0
0
0
0
0
0
0
0
0
0
0
0
0
0
0
0
0
0
0
0
0
0
0
0
0
0
0
0
0
0
0
0
0
0
0
0
0
0
0
0
0
0
0
0
0
0
0
0
0
0
0
0
0
0
0
0
0
0
0
0
0
0
0
0
0
0
0
0
0
0
0
0
0
0
0
0
0
0
0
0
0
0
0
0
0
0
0
0
0
0
0
0
0
0
0
0
0
0
0
0
0
0
0
0
0
0
0
0
0
0
0
0
0
0
0
0
0
0
0
0
0
0
0
0
0
0
0
0
0
0
0
0
0
0
0
0
0
0
0
0
0
0
0
0
0
0
0
0
0
0
0
0
0
0
0
0
0
0
0
0
0
0
0
0
0
0
0
0
0
0
0
0
0
0
0
0
0
0
0
0
0
0
0
0
0
0
0
0
0
0
0
0
0
0
0
0
0
0
0
0
0
0
0
0
0
0
0
0
0
0
0
0
0
0
0
0
0
0
0
0
0
0
0
0
0
0
0
0
0
0
0
0
0
0
0
0
0
0
0
0
0
0
0
0
0
0
0
0
0
0
0
0
0
0
0
0
0
0
0
0
0
0
0
0
0
0
0
0
0
0
0
0
0
0
0
0
0
0
0
0
0
0
0
0
0
0
0
0
0
0
0
0
0
0
0
0
0
0
0
0
0
0
0
0
0
0
0
0
0
0
0
0
0
0
0
0
0
0
0
0
0
0
0
0
0
0
0
0
0
0
0
0
0
0
0
0
0
0
0
0
0
0
0
0
0
0
0
0
0
0
0
0
0
0
0
0
0
0
0
0
0
0
0
0
0
0
0
0
0
0
0
0
0
0
0
0
0
0
0
0
0
0
0
0
0
0
0
0
0
0
0
0
0
0
0
0
0
0
0
0
0
0
0
0
0
0
0
0
0
0
0
0
0
0
0
0
0
0
0
0
0
0
0
0
0
0
0
0
0
0
0
0
0
0
0
0
0
0
0
0
0
0
0
0
0
0
0
0
0
0
0
0
0
0
0
0
0
0
0
0
0
0
0
0
0
0
0
0
0
0
0
0
0
0
0
0
0
0
0
0
0
0
0
0
0
0
0
0
0
0
0
0
0
0
0
0
0
0
0
0
0
0
0
0
0
0
0
0
0
0
0
0
0
0
0
0
0
0
0
0
0
0
0
0
0
0
0
0
0
0
0
0
0
0
0
0
0
0
0
0
0
0
0
0
0
0
0
0
0
0
0
0
0
0
0
0
0
0
0
0
0
0
0
0
0
0
0
0
0
0
0
0
0
0
0
0
0
0
0
0
0
0
0
0
0
0
0
0
0
0
0
0
0
0
0
0
0
0
0
0
0
0
0
0
0
0
0
0
0
0
0
0
0
0
0
0
0
0
0
0
0
0
0
0
0
0
0
0
0
0
0
0
0
0
0
0
0
0
0
0
0
0
0
0
0
0
0
0
0
0
0
0
0
0
0
0
0
0
0
0
0
0
0
0
0
0
0
0
0
0
0
0
0
0
0
0
0
0
0
0
0
0
0
0
0
0
0
0
0
0
0
0
0
0
0
0
0
0
0
0
0
0
0
0
0
0
0
0
0
0
0
0
0
0
0
0
0
0
0
0
0
0
0
0
0
0
0
0
0
0
0
0
0
0
0
0
0
0
0
0
0
0
0
0
0
0
0
0
0
0
0
0
0
0
0
0
0
0
0
0
0
0
0
0
0
0
0
0
0
0
0
0
0
0
0
0
0
0
0
0
0
0
0
0
0
0
0
0
0
0
0
0
0
0
0
0
0
0
0
0
0
0
0
0
0
0
0
0
0
0
0
0
0
0
0
0
0
0
0
0
0
0
0
0
0
0
0
0
0
0
0
0
0
0
0
0
0
0
0
0
0
0
0
0
0
0
0
0
0
0
0
0
0
0
0
0
0
0
0
0
0
0
0
0
0
0
0
0
0
0
0
0
0
0
0
0
0
0
0
0
0
0
0
0
0
0
0
0
0
0
0
0
0
0
0
0
0
0
0
0
0
0
0
0
0
0
0
0
0
0
0
0
0
0
0
0
0
0
0
0
0
0
0
0
0
0
0
0
0
0
0
0
0
0
0
0
0
0
0
0
0
0
0
0
0
0
0
0
0
0
0
0
0
0
0
0
0
0
0
0
0
0
0
0
0
0
0
0
0
0
0
0
0
0
0
0
0
0
0
0
0
0
0
0
0
0
0
0
0
0
0
0
0
0
0
0
0
0
0
0
0
0
0
0
0
0
0
0
0
0
0
0
0
0
0
0
0
0
0
0
0
0
0
0
0
0
0
0
0
0
0
0
0
0
0
0
0
0
0
0
0
0
0
0
0
0
0
0
0
0
0
0
0
0
0
0
0
0
0
0
0
0
0
0
0
0
0
0
0
0
0
0
0
0
0
0
0
0
0
0
0
0
0
0
0
0
0
0
0
0
0
0
0
0
0
0
0
0
0
0
0
0
0
0
0
0
0
0
0
0
0
0
0
0
0
0
0
0
0
0
0
0
0
0
0
0
0
0
0
0
0
0
0
0
0
0
0
0
0
0
0
0
0
0
0
0
0
0
0
0
0
0
0
0
0
0
0
0
0
0
0
0
0
0
0
0
0
0
0
0
0
0
0
0
0
0
0
0
0
0
0
0
0
0
0
0
0
0
0
0
0
0
0
0
0
0
0
0
0
0
0
0
0
0
0
0
0
0
0
0
0
0
0
0
0
0
0
0
0
0
0
0
0
0
0
0
0
0
0
0
0
0
0
0
0
0
0
0
0
0
0
0
0
0
0
0
0
0
0
0
0
0
0
0
0
0
0
0
0
0
0
0
0
0
0
0
0
0
0
0
0
0
0
0
0
0
0
0
0
0
0
0
0
0
0
0
0
0
0
0
0
0
0
0
0
0
0
0
0
0
0
0
0
0
0
0
0
0
0
0
0
0
0
0
0
0
0
0
0
0
0
0
0
0
0
0
0
0
0
0
0
0
0
0
0
0
0
0
0
0
0
0
0
0
0
0
0
0
0
0
0
0
0
0
0
0
0
0
0
0
0
0
0
0
0
0
0
0
0
0
0
0
0
0
0
0
0
0
0
0
0
0
0
0
0
0
0
0
0
0
0
0
0
0
0
0
0
0
0
0
0
0
0
0
0
0
0
0
0
0
0
0
0
0
0
0
0
0
0
0
0
0
0
0
0
0
0
0
0
0
0
0
0
0
0
0
0
0
0
0
0
0
0
0
0
0
0
0
0
0
0
0
0
0
0
0
0
0
0
0
0
0
0
0
0
0
0
0
0
0
0
0
0
0
0
0
0
0
0
0
0
0
0
0
0
0
0
0
0
0
0
0
0
0
0
0
0
0
0
0
0
0
0
0
0
0
0
0
0
0
0
0
0
0
0
0
0
0
0
0
0
0
0
0
0
0
0
0
0
0
0
0
0
0
0
0
0
0
0
0
0
0
0
0
0
0
0
0
0
0
0
0
0
0
0
0
0
0
0
0
0
0
0
0
0
0
0
0
0
0
0
0
0
0
0
0
0
0
0
0
0
0
0
0
0
0
0
0
0
0
0
0
0
0
0
0
0
0
0
0
0
0
0
0
0
0
0
0
0
0
0
0
0
0
0
0
0
0
0
0
0
0
0
0
0
0
0
0
0
0
0
0
0
0
0
0
0
0
0
0
0
0
0
0
0
0
0
0
0
0
0
0
0
0
0
0
0
0
0
0
0
0
0
0
0
0
0
0
0
0
0
0
0
0
0
0
0
0
0
0
0
0
0
0
0
0
0
0
0
0
0
0
0
0
0
0
0
0
0
0
0
0
0
0
0
0
0
0
0
0
0
0
0
0
0
0
0
0
0
0
0
0
0
0
0
0
0
0
0
0
0
0
0
0
0
0
0
0
0
0
0
0
0
0
0
0
0
0
0
0
0
0
0
0
0
0
0
0
0
0
0
0
0
0
0
0
0
0
0
0
0
0
0
0
0
0
0
0
0
0
0
0
0
0
0
0
0
0
0
0
0
0
0
0
0
0
0
0
0
0
0
0
0
0
0
0
0
0
0
0
0
0
0
0
0
0
0
0
0
0
0
0
0
0
0
0
0
0
0
0
0
0
0
0
0
0
0
0
0
0
0
0
0
0
0
0
0
0
0
0
0
0
0
0
0
0
0
0
0
0
0
0
0
0
0
0
0
0
0
0
0
0
0
0
0
0
0
0
0
0
0
0
0
0
0
0
0
0
0
0
0
0
0
0
0
0
0
0
0
0
0
0
0
0
0
0
0
0
0
0
0
0
0
0
0
0
0
0
0
0
0
0
0
0
0
0
0
0
0
0
0
0
0
0
0
0
0
0
0
0
0
0
0
0
0
0
0
0
0
0
0
0
0
0
0
0
0
0
0
0
0
0
0
0
0
0
0
0
0
0
0
0
0
0
0
0
0
0
0
0
0
0
0
0
0
0
0
0
0
0
0
0
0
0
0
0
0
0
0
0
0
0
0
0
0
0
0
0
0
0
0
0
0
0
0
0
0
0
0
0
0
0
0
0
0
0
0
0
0
0
0
0
0
0
0
0
0
0
0
0
0
0
0
0
0
0
0
0
0
0
0
0
0
0
0
0
0
0
0
0
0
0
0
0
0
0
0
0
0
0
0
0
0
0
0
0
0
0
0
0
0
0
0
0
0
0
0
0
0
0
0
0
0
0
0
0
0
0
0
0
0
0
0
0
0
0
0
0
0
0
0
0
0
0
0
0
0
0
0
0
0
0
0
0
0
0
0
0
0
0
0
0
0
0
0
0
0
0
0
0
0
0
0
0
0
0
0
0
0
0
0
0
0
0
0
0
0
0
0
0
0
0
0
0
0
0
0
0
0
0
0
0
0
0
0
0
0
0
0
0
0
0
0
0
0
0
0
0
0
0
0
0
0
0
0
0
0
0
0
0
0
0
0
0
0
0
0
0
0
0
0
0
0
0
0
0
0
0
0
0
0
0
0
0
0
0
0
0
0
0
0
0
0
0
0
0
0
0
0
0
0
0
0
0
0
0
0
0
0
0
0
0
0
0
0
0
0
0
0
0
0
0
0
0
0
0
0
0
0
0
0
0
0
0
0
0
0
0
0
0
0
0
0
0
0
0
0
0
0
0
0
0
0
0
0
0
0
0
0
0
0
0
0
0
0
0
0
0
0
0
0
0
0
0
0
0
0
0
0
0
0
0
0
0
0
0
0
0
0
0
0
0
0
0
0
0
0
0
0
0
0
0
0
0
0
0
0
0
0
0
0
0
0
0
0
0
0
0
0
0
0
0
0
0
0
0
0
0
0
0
0
0
0
0
0
0
0
0
0
0
0
0
0
0
0
0
0
0
0
0
0
0
0
0
0
0
0
0
0
0
0
0
0
0
0
0
0
0
0
0
0
0
0
0
0
0
0
0
0
0
0
0
0
0
0
0
0
0
0
0
0
0
0
0
0
0
0
0
0
0
0
0
0
0
0
0
0
0
0
0
0
0
0
0
0
0
0
0
0
0
0
0
0
0
0
0
0
0
0
0
0
0
0
0
0
0
0
0
0
0
0
0
0
0
0
0
0
0
0
0
0
0
0
0
0
0
0
0
0
0
0
0
0
0
0
0
0
0
0
0
0
0
0
0
0
0
0
0
0
0
0
0
0
0
0
0
0
0
0
0
0
0
0
0
0
0
0
0
0
0
0
0
0
0
0
0
0
0
0
0
0
0
0
0
0
0
0
0
0
0
0
0
0
0
0
0
0
0
0
0
0
0
0
0
0
0
0
0
0
0
0
0
0
0
0
0
0
0
0
0
0
0
0
0
0
0
0
0
0
0
0
0
0
0
0
0
0
0
0
0
0
0
0
0
0
0
0
0
0
0
0
0
0
0
0
0
0
0
0
0
0
0
0
0
0
0
0
0
0
0
0
0
0
0
0
0
0
0
0
0
0
0
0
0
0
0
0
0
0
0
0
0
0
0
0
0
0
0
0
0
0
0
0
0
0
0
0
0
0
0
0
0
0
0
0
0
0
0
0
0
0
0
0
0
0
0
0
0
0
0
0
0
0
0
0
0
0
0
0
0
0
0
0
0
0
0
0
0
0
0
0
0
0
0
0
0
0
0
0
0
0
0
0
0
0
0
0
0
0
0
0
0
0
0
0
0
0
0
0
0
0
0
0
0
0
0
0
0
0
0
0
0
0
0
0
0
0
0
0
0
0
0
0
0
0
0
0
0
0
0
0
0
0
0
0
0
0
0
0
0
0
0
0
0
0
0
0
0
0
0
0
0
0
0
0
0
0
0
0
0
0
0
0
0
0
0
0
0
0
0
0
0
0
0
0
0
0
0
0
0
0
0
0
0
0
0
0
0
0
0
0
0
0
0
0
0
0
0
0
0
0
0
0
0
0
0
0
0
0
0
0
0
0
0
0
0
0
0
0
0
0
0
0
0
0
0
0
0
0
0
0
0
0
0
0
0
0
0
0
0
0
0
0
0
0
0
0
0
0
0
0
0
0
0
0
0
0
0
0
0
0
0
0
0
0
0
0
0
0
0
0
0
0
0
0
0
0
0
0
0
0
0
0
0
0
0
0
0
0
0
0
0
0
0
0
0
0
0
0
0
0
0
0
0
0
0
0
0
0
0
0
0
0
0
0
0
0
0
0
0
0
0
0
0
0
0
0
0
0
0
0
0
0
0
0
0
0
0
0
0
0
0
0
0
0
0
0
0
0
0
0
0
0
0
0
0
0
0
0
0
0
0
0
0
0
0
0
0
0
0
0
0
0
0
0
0
0
0
0
0
0
0
0
0
0
0
0
0
0
0
0
0
0
0
0
0
0
0
0
0
0
0
0
0
0
0
0
0
0
0
0
0
0
0
0
0
0
0
0
0
0
0
0
0
0
0
0
0
0
0
0
0
0
0
0
0
0
0
0
0
0
0
0
0
0
0
0
0
0
0
0
0
0
0
0
0
0
0
0
0
0
0
0
0
0
0
0
0
0
0
0
0
0
0
0
0
0
0
0
0
0
0
0
0
0
0
0
0
0
0
0
0
0
0
0
0
0
0
0
0
0
0
0
0
0
0
0
0
0
0
0
0
0
0
0
0
0
0
0
0
0
0
0
0
0
0
0
0
0
0
0
0
0
0
0
0
0
0
0
0
0
0
0
0
0
0
0
0
0
0
0
0
0
0
0
0
0
0
0
0
0
0
0
0
0
0
0
0
0
0
0
0
0
0
0
0
0
0
0
0
0
0
0
0
0
0
0
0
0
0
0
0
0
0
0
0
0
0
0
0
0
0
0
0
0
0
0
0
0
0
0
0
0
0
0
0
0
0
0
0
0
0
0
0
0
0
0
0
0
0
0
0
0
0
0
0
0
0
0
0
0
0
0
0
0
0
0
0
0
0
0
0
0
0
0
0
0
0
0
0
0
0
0
0
0
0
0
0
0
0
0
0
0
0
0
0
0
0
0
0
0
0
0
0
0
0
0
0
0
0
0
0
0
0
0
0
0
0
0
0
0
0
0
0
0
0
0
0
0
0
0
0
0
0
0
0
0
0
0
0
0
0
0
0
0
0
0
0
0
0
0
0
0
0
0
0
0
0
0
0
0
0
0
0
0
0
0
0
0
0
0
0
0
0
0
0
0
0
0
0
0
0
0
0
0
0
0
0
0
0
0
0
0
0
0
0
0
0
0
0
0
0
0
0
0
0
0
0
0
0
0
0
0
0
0
0
0
0
0
0
0
0
0
0
0
0
0
0
0
0
0
0
0
0
0
0
0
0
0
0
0
0
0
0
0
0
0
0
0
0
0
0
0
0
0
0
0
0
0
0
0
0
0
0
0
0
0
0
0
0
0
0
0
0
0
0
0
0
0
0
0
0
0
0
0
0
0
0
0
0
0
0
0
0
0
0
0
0
0
0
0
0
0
0
0
0
0
0
0
0
0
0
0
0
0
0
0
0
0
0
0
0
0
0
0
0
0
0
0
0
0
0
0
0
0
0
0
0
0
0
0
0
0
0
0
0
0
0
0
0
0
0
0
0
0
0
0
0
0
0
0
0
0
0
0
0
0
0
0
0
0
0
0
0
0
0
0
0
0
0
0
0
0
0
0
0
0
0
0
0
0
0
0
0
0
0
0
0
0
0
0
0
0
0
0
0
0
0
0
0
0
0
0
0
0
0
0
0
0
0
0
0
0
0
0
0
0
0
0
0
0
0
0
0
0
0
0
0
0
0
0
0
0
0
0
0
0
0
0
0
0
0
0
0
0
0
0
0
0
0
0
0
0
0
0
0
0
0
0
0
0
0
0
0
0
0
0
0
0
0
0
0
0
0
0
0
0
0
0
0
0
0
0
0
0
0
0
0
0
0
0
0
0
0
0
0
0
0
0
0
0
0
0
0
0
0
0
0
0
0
0
0
0
0
0
0
0
0
0
0
0
0
0
0
0
0
0
0
0
0
0
0
0
0
0
0
0
0
0
0
0
0
0
0
0
0
0
0
0
0
0
0
0
0
0
0
0
0
0
0
0
0
0
0
0
0
0
0
0
0
0
0
0
0
0
0
0
0
0
0
0
0
0
0
0
0
0
0
0
0
0
0
0
0
0
0
0
0
0
0
0
0
0
0
0
0
0
0
0
0
0
0
0
0
0
0
0
0
0
0
0
0
0
0
0
0
0
0
0
0
0
0
0
0
0
0
0
0
0
0
0
0
0
0
0
0
0
0
0
0
0
0
0
0
0
0
0
0
0
0
0
0
0
0
0
0
0
0
0
0
0
0
0
0
0
0
0
0
0
0
0
0
0
0
0
0
0
0
0
0
0
0
0
0
0
0
0
0
0
0
0
0
0
0
0
0
0
0
0
0
0
0
0
0
0
0
0
0
0
0
0
0
0
0
0
0
0
0
0
0
0
0
0
0
0
0
0
0
0
0
0
0
0
0
0
0
0
0
0
0
0
0
0
0
0
0
0
0
0
0
0
0
0
0
0
0
0
0
0
0
0
0
0
0
0
0
0
0
0
0
0
0
0
0
0
0
0
0
0
0
0
0
0
0
0
0
0
0
0
0
0
0
0
0
0
0
0
0
0
0
0
0
0
0
0
0
0
0
0
0
0
0
0
0
0
0
0
0
0
0
0
0
0
0
0
0
0
0
0
0
0
0
0
0
0
0
0
0
0
0
0
0
0
0
0
0
0
0
0
0
0
0
0
0
0
0
0
0
0
0
0
0
0
0
0
0
0
0
0
0
0
0
0
0
0
0
0
0
0
0
0
0
0
0
0
0
0
0
0
0
0
0
0
0
0
0
0
0
0
0
0
0
0
0
0
0
0
0
0
0
0
0
0
0
0
0
0
0
0
0
0
0
0
0
0
0
0
0
0
0
0
0
0
0
0
0
0
0
0
0
0
0
0
0
0
0
0
0
0
0
0
0
0
0
0
0
0
0
0
0
0
0
0
0
0
0
0
0
0
0
0
0
0
0
0
0
0
0
0
0
0
0
0
0
0
0
0
0
0
0
0
0
0
0
0
0
0
0
0
0
0
0
0
0
0
0
0
0
0
0
0
0
0
0
0
0
0
0
0
0
0
0
0
0
0
0
0
0
0
0
0
0
0
0
0
0
0
0
0
0
0
0
0
0
0
0
0
0
0
0
0
0
0
0
0
0
0
0
0
0
0
0
0
0
0
0
0
0
0
0
0
0
0
0
0
0
0
0
0
0
0
0
0
0
0
0
0
0
0
0
0
0
0
0
0
0
0
0
0
0
0
0
0
0
0
0
0
0
0
0
0
0
0
0
0
0
0
0
0
0
0
0
0
0
0
0
0
0
0
0
0
0
0
0
0
0
0
0
0
0
0
0
0
0
0
0
0
0
0
0
0
0
0
0
0
0
0
0
0
0
0
0
0
0
0
0
0
0
0
0
0
0
0
0
0
0
0
0
0
0
0
0
0
0
0
0
0
0
0
0
0
0
0
0
0
0
0
0
0
0
0
0
0
0
0
0
0
0
0
0
0
0
0
0
0
0
0
0
0
0
0
0
0
0
0
0
0
0
0
0
0
0
0
0
0
0
0
0
0
0
0
0
0
0
0
0
0
0
0
0
0
0
0
0
0
0
0
0
0
0
0
0
0
0
0
0
0
0
0
0
0
0
0
0
0
0
0
0
0
0
0
0
0
0
0
0
0
0
0
0
0
0
0
0
0
0
0
0
0
0
0
0
0
0
0
0
0
0
0
0
0
0
0
0
0
0
0
0
0
0
0
0
0
0
0
0
0
0
0
0
0
0
0
0
0
0
0
0
0
0
0
0
0
0
0
0
0
0
0
0
0
0
0
0
0
0
0
0
0
0
0
0
0
0
0
0
0
0
0
0
0
0
0
0
0
0
0
0
0
0
0
0
0
0
0
0
0
0
0
0
0
0
0
0
0
0
0
0
0
0
0
0
0
0
0
0
0
0
0
0
0
0
0
0
0
0
0
0
0
0
0
0
0
0
0
0
0
0
0
0
0
0
0
0
0
0
0
0
0
0
0
0
0
0
0
0
0
0
0
0
0
0
0
0
0
0
0
0
0
0
0
0
0
0
0
0
0
0
0
0
0
0
0
0
0
0
0
0
0
0
0
0
0
0
0
0
0
0
0
0
0
0
0
0
0
0
0
0
0
0
0
0
0
0
0
0
0
0
0
0
0
0
0
0
0
0
0
0
0
0
0
0
0
0
0
0
0
0
0
0
0
0
0
0
0
0
0
0
0
0
0
0
0
0
0
0
0
0
0
0
0
0
0
0
0
0
0
0
0
0
0
0
0
0
0
0
0
0
0
0
0
0
0
0
0
0
0
0
0
0
0
0
0
0
0
0
0
0
0
0
0
0
0
0
0
0
0
0
0
0
0
0
0
0
0
0
0
0
0
0
0
0
0
0
0
0
0
0
0
0
0
0
0
0
0
0
0
0
0
0
0
0
0
0
0
0
0
0
0
0
0
0
0
0
0
0
0
0
0
0
0
0
0
0
0
0
0
0
0
0
0
0
0
0
0
0
0
0
0
0
0
0
0
0
0
0
0
0
0
0
0
0
0
0
0
0
0
0
0
0
0
0
0
0
0
0
0
0
0
0
0
0
0
0
0
0
0
0
0
0
0
0
0
0
0
0
0
0
0
0
0
0
0
0
0
0
0
0
0
0
0
0
0
0
0
0
0
0
0
0
0
0
0
0
0
0
0
0
0
0
0
0
0
0
0
0
0
0
0
0
0
0
0
0
0
0
0
0
0
0
0
0
0
0
0
0
0
0
0
0
0
0
0
0
0
0
0
0
0
0
0
0
0
0
0
0
0
0
0
0
0
0
0
0
0
0
0
0
0
0
0
0
0
0
0
0
0
0
0
0
0
0
0
0
0
0
0
0
0
0
0
0
0
0
0
0
0
0
0
0
0
0
0
0
0
0
0
0
0
0
0
0
0
0
0
0
0
0
0
0
0
0
0
0
0
0
0
0
0
0
0
0
0
0
0
0
0
0
0
0
0
0
0
0
0
0
0
0
0
0
0
0
0
0
0
0
0
0
0
0
0
0
0
0
0
0
0
0
0
0
0
0
0
0
0
0
0
0
0
0
0
0
0
0
0
0
0
0
0
0
0
0
0
0
0
0
0
0
0
0
0
0
0
0
0
0
0
0
0
0
0
0
0
0
0
0
0
0
0
0
0
0
0
0
0
0
0
0
0
0
0
0
0
0
0
0
0
0
0
0
0
0
0
0
0
0
0
0
0
0
0
0
0
0
0
0
0
0
0
0
0
0
0
0
0
0
0
0
0
0
0
0
0
0
0
0
0
0
0
0
0
0
0
0
0
0
0
0
0
0
0
0
0
0
0
0
0
0
0
0
0
0
0
0
0
0
0
0
0
0
0
0
0
0
0
0
0
0
0
0
0
0
0
0
0
0
0
0
0
0
0
0
0
0
0
0
0
0
0
0
0
0
0
0
0
0
0
0
0
0
0
0
0
0
0
0
0
0
0
0
0
0
0
0
0
0
0
0
0
0
0
0
0
0
0
0
0
0
0
0
0
0
0
0
0
0
0
0
0
0
0
0
0
0
0
0
0
0
0
0
0
0
0
0
0
0
0
0
0
0
0
0
0
0
0
0
0
0
0
0
0
0
0
0
0
0
0
0
0
0
0
0
0
0
0
0
0
0
0
0
0
0
0
0
0
0
0
0
0
0
0
0
0
0
0
0
0
0
0
0
0
0
0
0
0
0
0
0
0
0
0
0
0
0
0
0
0
0
0
0
0
0
0
0
0
0
0
0
0
0
0
0
0
0
0
0
0
0
0
0
0
0
0
0
0
0
0
0
0
0
0
0
0
0
0
0
0
0
0
0
0
0
0
0
0
0
0
0
0
0
0
0
0
0
0
0
0
0
0
0
0
0
0
0
0
0
0
0
0
0
0
0
0
0
0
0
0
0
0
0
0
0
0
0
0
0
0
0
0
0
0
0
0
0
0
0
0
0
0
0
0
0
0
0
0
0
0
0
0
0
0
0
0
0
0
0
0
0
0
0
0
0
0
0
0
0
0
0
0
0
0
0
0
0
0
0
0
0
0
0
0
0
0
0
0
0
0
0
0
0
0
0
0
0
0
0
0
0
0
0
0
0
0
0
0
0
0
0
0
0
0
0
0
0
0
0
0
0
0
0
0
0
0
0
0
0
0
0
0
0
0
0
0
0
0
0
0
0
0
0
0
0
0
0
0
0
0
0
0
0
0
0
0
0
0
0
0
0
0
0
0
0
0
0
0
0
0
0
0
0
0
0
0
0
0
0
0
0
0
0
0
0
0
0
0
0
0
0
0
0
0
0
0
0
0
0
0
0
0
0
0
0
0
0
0
0
0
0
0
0
0
0
0
0
0
0
0
0
0
0
0
0
0
0
0
0
0
0
0
0
0
0
0
0
0
0
0
0
0
0
0
0
0
0
0
0
0
0
0
0
0
0
0
0
0
0
0
0
0
0
0
0
0
0
0
0
0
0
0
0
0
0
0
0
0
0
0
0
0
0
0
0
0
0
0
0
0
0
0
0
0
0
0
0
0
0
0
0
0
0
0
0
0
0
0
0
0
0
0
0
0
0
0
0
0
0
0
0
0
0
0
0
0
0
0
0
0
0
0
0
0
0
0
0
0
0
0
0
0
0
0
0
0
0
0
0
0
0
0
0
0
0
0
0
0
0
0
0
0
0
0
0
0
0
0
0
0
0
0
0
0
0
0
0
0
0
0
0
0
0
0
0
0
0
0
0
0
0
0
0
0
0
0
0
0
0
0
0
0
0
0
0
0
0
0
0
0
0
0
0
0
0
0
0
0
0
0
0
0
0
0
0
0
0
0
0
0
0
0
0
0
0
0
0
0
0
0
0
0
0
0
0
0
0
0
0
0
0
0
0
0
0
0
0
0
0
0
0
0
0
0
0
0
0
0
0
0
0
0
0
0
0
0
0
0
0
0
0
0
0
0
0
0
0
0
0
0
0
0
0
0
0
0
0
0
0
0
0
0
0
0
0
0
0
0
0
0
0
0
0
0
0
0
0
0
0
0
0
0
0
0
0
0
0
0
0
0
0
0
0
0
0
0
0
0
0
0
0
0
0
0
0
0
0
0
0
0
0
0
0
0
0
0
0
0
0
0
0
0
0
0
0
0
0
0
0
0
0
0
0
0
0
0
0
0
0
0
0
0
0
0
0
0
0
0
0
0
0
0
0
0
0
0
0
0
0
0
0
0
0
0
0
0
0
0
0
0
0
0
0
0
0
0
0
0
0
0
0
0
0
0
0
0
0
0
0
0
0
0
0
0
0
0
0
0
0
0
0
0
0
0
0
0
0
0
0
0
0
0
0
0
0
0
0
0
0
0
0
0
0
0
0
0
0
0
0
0
0
0
0
0
0
0
0
0
0
0
0
0
0
0
0
0
0
0
0
0
0
0
0
0
0
0
0
0
0
0
0
0
0
0
0
0
0
0
0
0
0
0
0
0
0
0
0
0
0
0
0
0
0
0
0
0
0
0
0
0
0
0
0
0
0
0
0
0
0
0
0
0
0
0
0
0
0
0
0
0
0
0
0
0
0
0
0
0
0
0
0
0
0
0
0
0
0
0
0
0
0
0
0
0
0
0
0
0
0
0
0
0
0
0
0
0
0
0
0
0
0
0
0
0
0
0
0
0
0
0
0
0
0
0
0
0
0
0
0
0
0
0
0
0
0
0
0
0
0
0
0
0
0
0
0
0
0
0
0
0
0
0
0
0
0
0
0
0
0
0
0
0
0
0
0
0
0
0
0
0
0
0
0
0
0
0
0
0
0
0
0
0
0
0
0
0
0
0
0
0
0
0
0
0
0
0
0
0
0
0
0
0
0
0
0
0
0
0
0
0
0
0
0
0
0
0
0
0
0
0
0
0
0
0
0
0
0
0
0
0
0
0
0
0
0
0
0
0
0
0
0
0
0
0
0
0
0
0
0
0
0
0
0
0
0
0
0
0
0
0
0
0
0
0
0
0
0
0
0
0
0
0
0
0
0
0
0
0
0
0
0
0
0
0
0
0
0
0
0
0
0
0
0
0
0
0
0
0
0
0
0
0
0
0
0
0
0
0
0
0
0
0
0
0
0
0
0
0
0
0
0
0
0
0
0
0
0
0
0
0
0
0
0
0
0
0
0
0
0
0
0
0
0
0
0
0
0
0
0
0
0
0
0
0
0
0
0
0
0
0
0
0
0
0
0
0
0
0
0
0
0
0
0
0
0
0
0
0
0
0
0
0
0
0
0
0
0
0
0
0
0
0
0
0
0
0
0
0
0
0
0
0
0
0
0
0
0
0
0
0
0
0
0
0
0
0
0
0
0
0
0
0
0
0
0
0
0
0
0
0
0
0
0
0
0
0
0
0
0
0
0
0
0
0
0
0
0
0
0
0
0
0
0
0
0
0
0
0
0
0
0
0
0
0
0
0
0
0
0
0
0
0
0
0
0
0
0
0
0
0
0
0
0
0
0
0
0
0
0
0
0
0
0
0
0
0
0
0
0
0
0
0
0
0
0
0
0
0
0
0
0
0
0
0
0
0
0
0
0
0
0
0
0
0
0
0
0
0
0
0
0
0
0
0
0
0
0
0
0
0
0
0
0
0
0
0
0
0
0
0
0
0
0
0
0
0
0
0
0
0
0
0
0
0
0
0
0
0
0
0
0
0
0
0
0
0
0
0
0
0
0
0
0
0
0
0
0
0
0
0
0
0
0
0
0
0
0
0
0
0
0
0
0
0
0
0
0
0
0
0
0
0
0
0
0
0
0
0
0
0
0
0
0
0
0
0
0
0
0
0
0
0
0
0
0
0
0
0
0
0
0
0
0
0
0
0
0
0
0
0
0
0
0
0
0
0
0
0
0
0
0
0
0
0
0
0
0
0
0
0
0
0
0
0
0
0
0
0
0
0
0
0
0
0
0
0
0
0
0
0
0
0
0
0
0
0
0
0
0
0
0
0
0
0
0
0
0
0
0
0
0
0
0
0
0
0
0
0
0
0
0
0
0
0
0
0
0
0
0
0
0
0
0
0
0
0
0
0
0
0
0
0
0
0
0
0
0
0
0
0
0
0
0
0
0
0
0
0
0
0
0
0
0
0
0
0
0
0
0
0
0
0
0
0
0
0
0
0
0
0
0
0
0
0
0
0
0
0
0
0
0
0
0
0
0
0
0
0
0
0
0
0
0
0
0
0
0
0
0
0
0
0
0
0
0
0
0
0
0
0
0
0
0
0
0
0
0
0
0
0
0
0
0
0
0
0
0
0
0
0
0
0
0
0
0
0
0
0
0
0
0
0
0
0
0
0
0
0
0
0
0
0
0
0
0
0
0
0
0
0
0
0
0
0
0
0
0
0
0
0
0
0
0
0
0
0
0
0
0
0
0
0
0
0
0
0
0
0
0
0
0
0
0
0
0
0
0
0
0
0
0
0
0
0
0
0
0
0
0
0
0
0
0
0
0
0
0
0
0
0
0
0
0
0
0
0
0
0
0
0
0
0
0
0
0
0
0
0
0
0
0
0
0
0
0
0
0
0
0
0
0
0
0
0
0
0
0
0
0
0
0
0
0
0
0
0
0
0
0
0
0
0
0
0
0
0
0
0
0
0
0
0
0
0
0
0
0
0
0
0
0
0
0
0
0
0
0
0
0
0
0
0
0
0
0
0
0
0
0
0
0
0
0
0
0
0
0
0
0
0
0
0
0
0
0
0
0
0
0
0
0
0
0
0
0
0
0
0
0
0
0
0
0
0
0
0
0
0
0
0
0
0
0
0
0
0
0
0
0
0
0
0
0
0
0
0
0
0
0
0
0
0
0
0
0
0
0
0
0
0
0
0
0
0
0
0
0
0
0
0
0
0
0
0
0
0
0
0
0
0
0
0
0
0
0
0
0
0
0
0
0
0
0
0
0
0
0
0
0
0
0
0
0
0
0
0
0
0
0
0
0
0
0
0
0
0
0
0
0
0
0
0
0
0
0
0
0
0
0
0
0
0
0
0
0
0
0
0
0
0
0
0
0
0
0
0
0
0
0
0
0
0
0
0
0
0
0
0
0
0
0
0
0
0
0
0
0
0
0
0
0
0
0
0
0
0
0
0
0
0
0
0
0
0
0
0
0
0
0
0
0
0
0
0
0
0
0
0
0
0
0
0
0
0
0
0
0
0
0
0
0
0
0
0
0
0
0
0
0
0
0
0
0
0
0
0
0
0
0
0
0
0
0
0
0
0
0
0
0
0
0
0
0
0
0
0
0
0
0
0
0
0
0
0
0
0
0
0
0
0
0
0
0
0
0
0
0
0
0
0
0
0
0
0
0
0
0
0
0
0
0
0
0
0
0
0
0
0
0
0
0
0
0
0
0
0
0
0
0
0
0
0
0
0
0
0
0
0
0
0
0
0
0
0
0
0
0
0
0
0
0
0
0
0
0
0
0
0
0
0
0
0
0
0
0
0
0
0
0
0
0
0
0
0
0
0
0
0
0
0
0
0
0
0
0
0
0
0
0
0
0
0
0
0
0
0
0
0
0
0
0
0
0
0
0
0
0
0
0
0
0
0
0
0
0
0
0
0
0
0
0
0
0
0
0
0
0
0
0
0
0
0
0
0
0
0
0
0
0
0
0
0
0
0
0
0
0
0
0
0
0
0
0
0
0
0
0
0
0
0
0
0
0
0
0
0
0
0
0
0
0
0
0
0
0
0
0
0
0
0
0
0
0
0
0
0
0
0
0
0
0
0
0
0
0
0
0
0
0
0
0
0
0
0
0
0
0
0
0
0
0
0
0
0
0
0
0
0
0
0
0
0
0
0
0
0
0
0
0
0
0
0
