1.53378574185256
1.58540537097068
0.683035517501772
1.47235233821483
0.582735773044728
0.443420744075073
0.531217464994425
1.611361939607
1.46675260519146
0.442030614915338
0.485844876735248
1.61029714002353
0.43564060668907
0.437438806459657
1.19920272076422
1.46289625584597
0.65576628087594
0.898063716977732
0.644283510425446
2.59307746156455
1.32890491327272
1.79473658959974
1.39627089266128
0.923171291353846
0.818918522775131
0.982211400888422
1.86918528663941
2.05680299341374
1.65026734454685
0.600863737483241
1.16748359797376
0.46414300759211
1.51178963432693
2.22507481570685
0.765893807459063
1.18219106811394
1.31161171082617
0.591447315778284
0.759421071920123
2.49451172963681
0.758916369192639
0.904949353948308
0.569962201684001
0.676399411042498
0.400277857002585
1.29493238852654
2.53811967815342
0.428972349644231
1.20959775071156
0.538185727596864
0.636484149856792
0.507925255770626
1.28373880936917
1.4564371787124
1.20790235620778
1.20608915977742
1.66551933345819
1.34910521076105
1.40373558632589
1.14873100876349
0.520349173158337
0.829491774187318
0.834474750111804
0.483998969143004
1.76058713059364
0.919310146834637
0.425918189735744
2.33251268026459
2.71221818166051
1.35512550800044
1.4562744930389
0.662391521351417
1.18162618757018
0.532774948132006
0.47874073253875
1.46029645121322
1.86043923044471
0.988247251789081
1.42306951750319
1.42827236008842
0.602556126469321
1.61769967249563
1.02633340494179
1.3450782819688
0.465052272586173
1.89868715133768
0.647406941803329
1.13721246763966
1.15749022030948
2.1668320520021
1.12345140809264
0.413009545816459
0.65908795098104
0.389097066088902
0.954696892905923
1.42460892836046
1.87454304462161
1.19116928991256
1.26864916467287
1.1775841371775
1.24441786085223
2.19950322421377
1.87130355914459
0.642480467876146
2.17782371218932
1.17666514265058
0.970540013889969
1.04825061392278
0.724397152438709
1.26567079916758
1.26528431149636
0.570365438725118
1.37768762351604
1.94391281862009
0.528190256467741
1.88765401235596
1.4785280910783
1.1707909035839
0.74661987613885
1.67886421694815
0.459251187244053
0.481391453604605
0.897310734755334
1.26749634999991
1.4322857504582
0.581605871215175
0.624023557428411
1.64258040162384
0.463695815365852
1.18043128436431
1.07705825208078
0.847956291503942
1.32250053313099
0.624896658883356
1.05214480786309
0.574644790293649
1.06601474004189
0.444641292350669
1.05355705552894
1.58699108257118
0.778600882011375
1.13984897375169
0.840729558862324
0.742938495773577
0.472997492696972
1.55455044051814
2.29007602343041
0.473744557381739
2.32561219233698
0.513064669772548
0.912010882036254
0.476466952573192
0.958563688539224
1.38386142567722
1.40313536322067
1.15896607599668
1.00700369665789
0.661290746828584
0.407305438915651
1.21788001399904
1.30489561997315
2.0773671059171
0.939496992845852
1.44409149968001
1.795825734414
0.997514080088949
0.42941870736619
0.603889421208526
0.698731870982058
0.549016294723482
1.25699683082475
0.804968045425681
0.548596296147023
1.22551424501916
0.590716352921686
0.508790413340798
1.36571908635103
0.648920595160145
1.59139467433665
2.03226680155307
0.637521972188986
0.498745564369225
0.559204671958913
0.808737815876377
0.754880671171572
1.10527049389097
1.8220486951777
1.0677120103556
1.71262807067688
1.7062180373102
1.27922860456573
1.99234292889686
0.634257126568088
1.15671315848928
1.17714668322492
0.973981241074837
0.450896289973561
1.28785074446165
1.20739672931464
1.92590163612748
0.416335255475164
0.564042911967283
0.53832838295607
0.539327364323916
0.922820429514028
2.60784963409812
0.400703042229372
0.468727464455348
1.43325234137601
1.76615816235849
0.427640356546075
0.488942438804877
1.55654828477769
2.06685267013216
0.662252937778149
1.02042947959205
0.548689822216338
0.843004022157909
1.23598917927656
0.501827234296468
1.38697920517765
0.636791062264036
1.7970933998741
0.581162211950597
0.669580843900224
0.379514693409597
0.663600657059796
2.02394694286151
0.54904260325222
1.41673879976037
0.730256990254107
1.0614704168073
2.23909487700291
0.817289790611274
0.610755429472577
0.846215037488543
0.772567646624046
0.499457841755718
2.14502088587757
0.766406799856345
1.24119961757018
0.844938366905189
0.472745313595596
0.527796897660237
2.57140898958659
1.8513681602807
0.531740388023459
2.23472192463981
1.77101980461256
0.404402390936277
1.33809733210096
1.80631881262599
1.38235883930376
1.24342796936103
1.24647484151711
0.994718220030255
1.43649412534535
0.621495237097748
0.852659572057534
0.527385284050905
1.30779539210326
1.25102431446756
0.457013770213304
1.510137201203
0.738403480573232
1.31918703926297
0.63445864925347
0.80442335876033
0.558444548529367
1.5300771715538
1.03623476183795
1.48826815014058
1.25961998836258
0.558028992837218
0.787932016528164
0.731376769261084
1.3606378168118
1.31193567592368
0.917881941016342
1.26450574480851
0.532485526522156
1.21087238440742
1.35463974638141
0.614757604661711
1.68443575741825
1.92923733630955
1.44215911096868
0.914942828565277
1.0370237315
0.79116382393846
0.742786567126231
0.8879185321637
1.46987069130805
1.94397648553454
0.521829643455866
1.04597196910095
0.602461502533134
0.58326789035896
1.6491027373211
0.942188705239583
0.862870568390032
2.09876750975237
0.49218237944112
0.873650365988651
1.45391853620692
2.0141677880767
2.68856505284765
0.826075109745203
0.758086513659334
0.887528141314569
1.07720576792372
0.87425553107024
0.902496708607792
1.36741034721092
1.32977301463794
1.37856393942491
0.714555045102369
0.434395390765045
0.70016859396639
0.537417549302807
0.678283721550829
1.925397775535
1.84913530888784
2.68249858015287
1.02388131730351
1.68273814987062
0.850005372574682
1.9698510385916
1.12998094727223
0.762293631506984
1.13455173998953
1.19182807140293
1.15579798517271
1.12916443122622
1.45814432023232
2.17111090777573
1.90508328729006
1.10423577993576
0.817920164533458
0.441789083023751
0.791112786537767
1.51444316513645
0.549134860619067
0.40934711651845
0.778504001515388
1.02904338542611
1.99760382348967
1.3915667628773
0.609954667725117
1.79716161092762
0.87961638616293
0.484276559720409
2.13790508442671
0.534799355070621
2.37392075815793
1.94368439835265
0.862216504473786
1.54493881019029
1.21611532230018
0.684903098711999
0.919431959343648
1.02460224098935
0.687586692973455
0.774935969331791
1.37059930283723
0.788888265418364
1.26337883922134
1.29372694341782
0.711951705826261
2.60235738605306
1.5336720347005
1.14337438956793
0.904267235167431
0.691369083444898
0.395763759418276
1.23169489262904
1.02045909411309
1.46766026630217
1.11186436926901
2.13446739564801
0.976819387064559
1.28454480543606
1.66062047945174
1.79126044568483
0.798334603623533
0.684069531375498
1.00859526181645
0.961614777740655
2.12569304099931
0.820945218350412
0.828972271248619
0.886983689786276
1.0401718489085
0.443001857359233
0.881400283338094
0.396786999530824
0.392190969489555
2.40112922530199
0.399228301783116
0.539819880863108
0.651151057512906
0.456725314891466
0.784301636422403
2.74031003510962
1.04098843125268
0.899022986679066
0.847083701734342
0.774047755030158
0.865627226986598
0.798562214366637
1.98380606417843
1.41360263028297
0.612491079401741
0.872377231490301
0.44173443979792
1.65050212039089
1.03447668005343
0.958385233118231
1.55550531938141
1.23252420569198
1.16831085205199
1.22485897130062
0.720357302183832
0.563916244224961
0.566068954018214
0.401453690300275
1.10951494560059
1.23236710114404
1.47062190241593
1.48609770193209
2.12935804458125
0.727651794976752
2.68863934790623
0.916102729306416
1.65055806577836
0.729274052121462
1.68006999142791
1.75294238509997
0.670000865539023
0.931859416488923
1.46956753197396
0.652509290645239
0.824567444723968
1.05010016678161
1.14803948739034
1.25250796062152
2.14105696710507
0.460609430384035
1.43912938675187
1.67868184107805
0.590983788623374
1.03916635663783
0.615157631245863
1.57877357237256
1.09504806781637
1.47851026849324
0.870278528123782
2.11054002673441
0.992037974838857
1.51189848726488
0.469494280850516
1.48492772481779
1.26998872146693
1.02285179460557
0.498640498059104
0.647302702728565
1.42868204993186
0.393384070149178
1.20346004855235
1.3380398173282
1.42845187613828
0.474967847187818
0.65307281531517
0.81026649469403
2.40230140669277
1.46335031102281
0.478608380454979
0.98547082751454
1.19710963327208
1.14268395083436
0.494271556438022
0.618068317994622
1.81700832641246
0.443441016352062
1.72655924938154
0.717768049081633
2.24666024908084
1.31631426880234
0.5367634661396
1.4265932020634
1.3449547268015
0.862210320517875
0.883419449509948
0.483703704308077
2.14169622217771
1.75140651952746
0.619756071503817
0.392559702648476
0.816340948142433
0.908013432561912
0.816707557977833
0.527903478357457
0.746093421763868
0.913399845758348
1.07767759052709
0.672198883494596
0.726285228901479
1.69597896001828
1.41835509850559
1.54195726771986
0.643459419532024
0.647502237362131
0.982434125769683
1.30484696009946
1.03645653506337
0.517813410959975
0.632719865376279
2.04977196744388
0.409158188131507
0.478574322154254
2.59928698901004
1.66457277963436
1.26410318241043
1.12998789813339
1.04157187072436
0.780157888800253
2.21955504730451
1.44762608333535
1.74092465255705
0.796214380361513
0.726041320846817
0.95136790123701
1.40050236397336
1.52069802553104
0.450922305787105
1.3241755728799
1.04646910289339
0.830061415878379
1.58271398289117
1.08544264067432
0.95926410168804
1.85124400187887
0.786230182291199
0.545874092260242
1.45282428312778
0.930299680223379
1.4803938895455
0.605826292489329
0.910037432707126
1.41928876263278
0.926954428612517
1.23796684955567
1.40679055892995
1.18658920734131
2.10574198701744
0.623813079142377
1.38617555202395
0.75418472432452
0.832578473332468
0.591864784897014
0.386784037384491
0.729571687108827
1.63214996768775
1.19679662170437
1.19971252007202
0.437749947490355
0.486506108805597
0.689729750745434
1.5828636450152
0.876308915220618
0.764223665057716
0.980131728193394
0.483639080403969
0.833192706723118
1.18396506613202
0.895297570172048
0.956160348461818
1.69196894195362
0.411783703165767
0.852797484595166
0.476040190540504
1.63291270250877
1.0899668381163
0.636022998501945
0.699282065392956
0.952293116591371
0.523441407726509
0.772911787006009
0.845938004946934
1.74017586432898
0.545948752193609
1.28534519289363
1.68293329006846
1.87295181677491
0.503765816849213
1.73422036577451
0.686344045959405
0.667306389025507
0.729091625228019
0.410077891507506
1.19729078025456
0.771722315376027
1.19800921002954
1.11411421784424
1.18785504636343
1.20230226414422
0.74394548439701
0.868096802066409
1.49782971477872
2.12570834363854
0.391916372803755
0.400588701559973
0.418575369144919
1.1841849105969
2.2581152361019
1.38806779661503
0.949901367174354
0.685085736154607
0.397924542456565
1.46547848004264
1.10458664953076
2.29623416344958
1.20245283096877
0.839262055393412
0.822218946065701
0.679333245355413
1.55604398904279
1.33886752389212
0.689639897168392
1.40842149035614
1.76220289832704
1.2726101250896
1.38746376731973
1.25485902051577
0.638266328439392
2.07980083711089
0.729562069930354
0.772489782392758
1.34031245600838
1.92472515963087
0.610974424161026
0.711331976810385
0.882174727959302
1.03549866559538
1.09212746522529
0.612593236398127
0.57656041153548
1.31554488737651
1.07152042589494
1.00725016001874
0.503583568472647
0.909190926730034
0.692084348688844
0.73416882133046
0.947962993933762
0.850837414183477
0.460335228452246
1.21679915111094
1.38717280577178
1.22131814076576
0.455010213737862
0.688792258332893
0.978856486769661
0.421794403368114
0.627179710417158
0.566651004390851
1.37539947568969
0.555753239970036
1.74397334740952
2.37396918037811
1.04558880941839
1.46012691415277
1.20847019592249
0.812434759279249
0.664472239651554
0.654519178612314
1.98450350335015
1.39828543860943
1.57892671829244
1.55929417168714
0.588599567631457
0.537059655779017
0.417474259563449
2.3459140143945
0.561470613275812
1.11853788605892
1.23996675248566
0.841495171894496
1.16047681472808
0.65833593807777
1.22056397983205
1.05063263248704
1.60170200570879
0.575053610703795
1.74818009686347
1.62120243922765
0.662069109580317
0.771298620048273
0.877568026874124
1.38484119149217
1.13490296501655
0.501911526650859
1.56434473172686
1.68124549011797
0.704463493093914
0.756480625665008
0.387928394838572
1.2367344967392
1.33560425232464
0.633798337721762
0.906812922712868
0.9675979609494
0.411008658396777
1.37215785816871
0.447498704780999
0.923574176503561
1.12491137283234
1.15590165602956
1.48021744469667
1.36298642170325
0.771543481825238
0.556657201074575
0.680363262648553
1.65120340831071
0.569911887593402
0.915133304463888
1.21006866987869
2.28756001523383
0.407544609687923
0.518758782401836
0.393139590604961
1.4227474791019
1.25403233218617
1.11097372573689
1.1864308180386
2.14115681180636
0.540047189178335
0.934856310839445
0.985836361091142
0.750577313823363
1.12706295838231
1.44450729617527
1.41316282414639
1.71457122550068
1.03450166055427
0.615249243804245
0.60504212330027
0.583356949688936
0.538170936502561
1.82713869271844
0.691623564950405
0.614047220676374
1.33373516203104
0.51956626751558
1.13546822177033
0.381280010792396
0.832121315647492
0.910483584453334
1.6844067390537
0.482958166510078
1.33190227938362
0.432298715662642
0.526901389474542
0.952408521624913
0.62527957079186
0.442311571989167
1.43132604833044
2.29310527055013
0.949659521901813
1.82885577320379
0.689469392526318
1.36441318998655
0.804106429532298
1.67575030890787
0.41922031674362
1.02810299081996
1.21678582534311
0.511236227114485
0.855155164389986
1.49670610399475
1.29356642400992
0.551099610183689
1.5245698657921
0.564544943392297
1.13679074476739
1.59714124941626
0.93789375305528
0.632476761896719
2.03919317471087
2.30626972099247
1.29827553955089
0.600073740095377
1.13432725001102
2.12725902384101
0.833298460169157
0.431613318112911
1.18422391836409
0.506840610817084
0.619274009297153
0.705871522281552
1.49683901946809
0.513152265111412
1.44354577646858
1.18485379536308
0.879467434695312
1.03735988764869
2.33355801214791
0.788336135758883
1.08545365994146
0.547734396747691
0.516384551758174
2.17514040412418
1.98389119882012
1.39491850038734
1.21134161525667
1.0005993944563
2.09801401623322
0.553013141055953
1.49205090347639
0.475385567839924
0.592419447608616
0.621210587986139
0.807468787123652
2.35445686901271
2.03902569082852
1.1097543941142
0.862102466778156
1.51426634914939
1.03116507051738
0.762205473071371
0.50729204458816
1.88424026128959
1.56033336866143
0.44543107419036
1.69160590783452
1.2208673917948
0.842716921284405
1.17105179659135
1.34596671944405
1.63339320760931
0.588375267655765
0.942353617924404
0.44533810365758
1.62542103866741
0.428066138975476
0.907676915416798
0.514379732944422
1.38465422508633
1.42480225770252
1.51368773735663
0.764006916441327
0.62182173869646
1.51097278605406
1.05206924673819
0.463018013975222
0.42941062235527
0.479358248004722
0.69124703417479
1.55458384821328
0.829368569663287
1.58193513977681
0.403235568038955
0.44965830817754
0.83025783806059
0.623056970537005
1.73265068658103
0.977209556105967
1.0442831577187
0.965596152750721
1.32387364818116
1.24344197062308
1.46547397956851
1.72003675301932
0.583707239416506
1.45776672101473
0.818744394052965
1.27898412279501
2.31798404910012
1.75190962917363
0.943256901960145
0.695268305775065
1.10826227520477
0.633923960273882
1.58211462801759
1.17719057268738
0.467349403105482
1.6470504161003
0.760974065443091
1.65963217581786
1.53738324869401
0.630583574159633
0.453739476442939
0.617688046624683
0.762091710468117
1.03526751454723
0.843998974130722
0.62244708842415
2.23911659776408
1.59760104458207
0.436479852471414
0.580268132174808
1.3856857953498
0.646212620412224
1.05594249946964
1.29692629183827
1.75082869294759
1.07631088148712
0.600211781346885
0.988334574419762
1.05302166528251
1.34308002454633
1.7634083247666
2.20243141486379
1.19777117421935
1.5749378418017
2.22430637543777
0.676203900550204
0.934222996161449
0.707813028792265
0.429775961495642
1.65940433754641
0.527515820454932
1.65965708173768
0.905981940295672
0.601063907958264
1.73441534691903
0.649136760882442
2.09151535904094
1.58975423827661
1.16549172179314
0.512121212325496
0.512700238502463
1.00638164643208
1.42397134853659
1.27069342692121
1.39471312722361
1.58211850218813
0.39598713291799
0.731509583606806
1.84303648357472
0.65428577445651
2.06251883495536
0.44114808185832
1.13289367506951
2.59481440009961
0.701935164338885
0.429484802514389
0.995526726968517
0.425067362880118
1.07718314986492
1.72924205778938
1.44683937023018
1.11788445701057
1.1060047202329
0.552582302921873
1.54377793106988
0.968081528896656
1.70751565129976
1.35631879634443
0.45775437185372
0.717522211503399
1.51492504442814
0.816838602043242
0.967921842694286
2.03585541542499
0.550067704388974
0.80154004327278
0.768380670792426
1.23670961517293
1.0173934711778
0.85928061043864
0.400458392560859
0.454699041974187
1.64270074765232
0.55939153680915
0.550088611948122
1.22993181890453
0.535880844689865
2.88092465619545
1.12216339219618
0.871750749468363
0.678119881260291
0.399949593059997
0.845181320420742
0.529336335948112
2.75907547039882
1.07956109642667
0.47271448449708
0.850581209721414
0.94509972657246
1.7857422130817
0.468872900569637
0.696640006493085
1.1734516768632
0.568386419853197
0.748078501152634
0.709042727796306
1.34624521507489
1.34193182160066
0.473481232297735
-2.15814789642525
-1.28782381128342
-1.31352054775927
-0.707697060380571
-1.21035500567144
-0.760504463737455
-1.29387844249559
-0.760252435130844
-0.59192119461394
-0.548291793416288
-0.978561471280363
-2.18490306623798
-1.52690138747417
-1.16776746227771
-0.723049212045516
-0.471093519949153
-0.49188846264513
-1.48566063068718
-1.74076076116618
-1.57467066783267
-1.23878144065655
-0.963372257107838
-0.424990854090963
-1.11631063349969
-0.53923874263882
-0.855303793941201
-0.630274783996093
-2.02658745196058
-1.06614713407064
-0.953470137712008
-0.845715937855284
-0.933835358399288
-0.658798900751
-0.909796314861645
-0.658799561593247
-1.48056542482026
-1.11275606688171
-2.51891426975517
-0.872349952733852
-0.857054040569776
-0.811570865582808
-0.990430217252862
-0.582671138234316
-1.79971401259572
-1.34595467075703
-0.517648302108986
-0.439101746991982
-1.84760271634316
-1.84374511337528
-1.79520091205797
-0.459762246421855
-0.387201727425295
-0.718361804164898
-0.69784945307692
-1.2210304372282
-0.739320320998668
-0.511573182065354
-1.27235170416627
-2.05399140721903
-1.60986201339538
-1.4518371034658
-0.830341681403421
-0.868405900639865
-1.10087012992872
-0.954995588224961
-1.50477766343779
-1.37596877544694
-1.78484257357981
-2.12313781850461
-0.964086369004756
-1.6405609139026
-0.952027259028942
-1.54615717554809
-0.707215445517413
-1.15516388800542
-0.709512995594096
-1.365920461121
-2.16381209856942
-1.23406585940038
-0.463270844378492
-0.904358812790658
-0.486208393279745
-1.69247065452547
-0.533313844549261
-1.19226211085501
-0.615419548021365
-0.842976027629451
-0.750381259389808
-1.0065319112975
-0.445350307460863
-0.637037752873501
-1.57666120324507
-1.0484782434288
-0.3881322638325
-1.14617987863055
-1.63998959616246
-1.4265861050445
-0.83236873188701
-1.06619142760992
-1.20010163504485
-0.648249324416756
-1.01133427951777
-1.34316485927213
-1.52621670057815
-1.69376378109562
-1.04098021597353
-0.395052702727241
-0.608184391501295
-0.516177494301923
-2.20069551357742
-1.67411885183504
-1.09305032652508
-0.815531660690515
-0.893070058510998
-1.93341436574275
-1.43738614676239
-2.02976250247276
-0.725605160679152
-2.06809955067985
-0.601922556508448
-2.03655836309612
-1.83019951356052
-1.03021148466108
-1.00052495888268
-0.677702636243418
-0.78955358771872
-2.1973510937998
-0.90040670046965
-0.703602862570361
-0.727373761493509
-1.46860975534914
-1.30902126891744
-1.67335491009936
-1.19194914484763
-0.62517888608868
-1.14542102129846
-0.946249104866905
-2.38816446443392
-1.06581234572707
-1.21909968833622
-0.512862671841879
-1.2953134733551
-0.92046374073982
-1.46878697234321
-0.536438206169948
-0.832715728790155
-0.675206259250898
-1.12979084070362
-0.824182641812537
-2.1072908971447
-1.03452880549502
-1.23019391218298
-2.43120499360933
-0.825680316804457
-2.40844456567901
-0.474631591099996
-1.14317212316341
-1.34608625631337
-1.02277536987895
-0.987312452214693
-0.56887928075679
-0.718290684327235
-0.984612555380441
-0.432447627377706
-1.43281171574098
-2.14541970591303
-2.14538293633341
-0.464683002324503
-1.17812123603165
-1.19046075683983
-1.15147707766562
-0.49308326357867
-1.6792896447189
-0.489016870517414
-0.977255103664758
-1.00799521650199
-0.912635732978313
-1.52500931512557
-0.905819353143394
-1.12569629873194
-0.873255221392182
-1.32073703419908
-0.791047212346547
-2.61973885626785
-0.381058207245956
-2.38783659495465
-1.47900120689229
-0.468403166982981
-0.665016126771578
-1.44310588003043
-1.91102954543011
-1.5004804786249
-1.45836802460995
-0.564058469170119
-0.495068718252103
-0.636761558643956
-1.11547482453967
-0.797055058907022
-1.10176651277403
-0.436353098301979
-0.968354373447058
-0.969774147974499
-1.36539357401208
-0.919768376692399
-1.40054014491466
-1.28823608758781
-1.2966119124188
-0.96151501294529
-0.8260715317824
-0.433597846430848
-1.09670471685033
-1.78214267963993
-1.12763273657033
-1.11187317167508
-0.890509127198602
-0.407748442519395
-0.94510634022215
-0.779582185834053
-0.814044271791474
-0.611462021525532
-0.525974004553151
-0.922389347698853
-1.20765274504179
-0.43766555022114
-1.77133904927891
-1.06663173658121
-1.18485230600577
-1.1291780184252
-0.922690098581556
-0.493423924105254
-0.824852395355933
-1.94919418967583
-0.689812480937166
-2.01217535517081
-2.27009361267982
-2.1989764390564
-0.856533599959664
-1.873242322441
-1.65548620594624
-1.15299104066355
-1.5410840751557
-0.658351392112576
-1.73554305731351
-0.783874976428745
-1.45831727543715
-0.435490800107457
-1.72088368532394
-0.696971883563573
-1.25982616881675
-1.44196730204765
-0.660677235792397
-1.33917788898166
-0.380947288359076
-0.803301656749057
-1.91062353156198
-1.91647973745346
-1.14071460644421
-2.09990476582579
-1.94097117790811
-0.713175795050307
-0.91583518623759
-0.685326485662676
-1.23729212032989
-0.410156133680262
-0.816940621384292
-1.69667181221251
-0.788460596010261
-1.31400991248322
-1.04115974060539
-0.894134200654865
-0.436053559710638
-0.744603692886892
-2.25217187483699
-0.715185471015348
-0.881904710340882
-2.17580387963366
-1.13658771889381
-0.492599925359353
-0.563664734768513
-1.07095080132023
-1.81714669808754
-0.836149985043695
-1.20085110904518
-0.777875249751814
-1.49409897382386
-1.36951718383757
-0.872314898844285
-0.383078937323848
-0.655020892882563
-0.864588343974802
-0.423844158842452
-0.727932875145453
-1.50444666692316
-0.98612682422021
-0.461941502628186
-0.40428505165963
-0.501797744779824
-0.515424059080064
-2.67170650186145
-1.03867896707439
-0.902095992674952
-0.682038757623809
-0.98050083778032
-1.12553019618811
-1.08156569228399
-0.704620582031981
-0.727687360870425
-0.416736169836206
-1.55420154105128
-1.15256283448703
-1.04633518058045
-0.570160639171184
-0.529326975168122
-0.759109386924455
-1.29427821988822
-2.4630940397171
-1.41813882157449
-1.79249447486505
-1.62991685082483
-0.738747126993491
-0.8564538761342
-1.93883193601482
-1.20327611099559
-1.97939771773293
-1.61411437746093
-0.848408777184101
-1.46701718966178
-0.766708091704017
-0.666907805023721
-1.0897380072411
-0.835456030867876
-1.32760474607007
-1.31224418993686
-0.523528718344422
-0.602353407467035
-0.693227626063048
-0.810719120289675
-1.55249980403248
-1.09419227421868
-1.35246688422645
-2.36367710573139
-0.773721979369245
-2.52487411930347
-0.424290389565837
-0.792496245511301
-1.19134553423336
-0.789656202724565
-0.638076583600223
-0.95188092280102
-0.636401810871361
-0.733996503010889
-1.10362763186221
-0.782823075599878
-0.473842040230603
-2.66230281339531
-1.244832722374
-0.879159548635138
-0.750012276836901
-1.18590822709989
-1.26962705952469
-1.18081139714876
-0.466131350065024
-0.63919846666144
-2.26945885256602
-0.546752733887965
-1.05319639181046
-0.897086785090074
-0.681284801267725
-0.415633493921678
-0.68880865580053
-0.457853970243863
-1.28798474692461
-0.864618660247231
-2.27488496130643
-0.484189358510018
-1.15878288836419
-1.42973492894872
-1.08355444369216
-1.16929459159535
-1.20414554146022
-0.689337953736385
-1.80506319260973
-0.713668553008876
-0.609823704891336
-2.08859051915954
-1.40416675388612
-1.67356193345167
-1.30214578072544
-1.08833249250274
-1.47358912222234
-1.4251609349234
-0.72553027380516
-1.42471725263879
-0.478911936244892
-1.49033099966737
-0.542792395986259
-0.495803149317267
-0.564215342565622
-0.505589414145945
-1.03373307863442
-0.645888823699294
-1.93626666178964
-1.83610883289081
-1.11477211791332
-0.735055285987697
-0.454259986112464
-1.08165930786719
-1.25795852702291
-0.593771421132798
-1.02789214047061
-0.698849411945983
-0.695650243525308
-1.96916365615193
-1.54541109725733
-0.637551711130891
-0.696679394364793
-0.677118670590978
-0.84340936565771
-0.456700241367612
-2.58164304719069
-1.05384170246847
-0.459586089581604
-0.496206604011083
-1.43660064609223
-1.37375734355334
-0.570903910327508
-0.881551685639942
-0.596818750831875
-0.725275990043445
-0.892025289431517
-1.60290229193237
-1.43269379039217
-0.740804417141387
-0.963565751023705
-0.883487503122842
-1.60048562976347
-1.00051511105186
-1.56348726029814
-0.685028257786363
-2.41696998229938
-0.530972311742116
-2.17991600103805
-0.463035026875918
-1.81649188710522
-1.84858752464994
-0.60285874107208
-1.05924447606494
-2.32866343064968
-1.40778819683153
-0.67848551053282
-0.557523640426334
-0.944864682259098
-0.883113159626635
-1.13767238687796
-0.405213265070198
-0.811414106916128
-0.593845071947711
-1.13646591415066
-0.943564220586296
-1.14746806967718
-0.626073314642278
-0.784077600116015
-1.09364292810472
-1.10725350195984
-1.58128448057489
-0.411349201806225
-1.33779173331927
-1.58752582759582
-1.08562744333385
-0.46586245528737
-1.44761814933962
-1.32852923783728
-0.493661977206745
-0.733062832017664
-0.782225065064633
-1.22605581344488
-0.659821950893982
-2.0946672461679
-1.11848332752931
-1.35093456468975
-0.532626399607442
-1.12799272997872
-1.21716213497999
-0.789983637019056
-1.32224644380147
-1.9262987101123
-0.466594807457079
-1.58010725673559
-2.06666941872083
-0.902175444590347
-1.29217989411688
-1.11251833150427
-1.49530301472712
-2.15333236611851
-1.20417079596992
-2.69622984392155
-1.87779421299037
-1.41627398796637
-1.58957964331171
-1.82777734769296
-0.560059633563827
-1.99436320175276
-1.20389607169936
-1.77110589112531
-0.86000054439998
-1.67300880962614
-0.821437889614883
-2.21747905762048
-0.720341353361979
-0.886205122260173
-0.558645161177751
-1.4159092052914
-0.826376375956139
-1.80174780476686
-0.550707238646005
-1.11860872322919
-1.54676943371009
-0.472791430766784
-1.60103855375397
-0.684124872498364
-1.38543759656549
-0.541237106012749
-0.813763822928546
-0.431975739043976
-0.643054323405402
-0.488970015133768
-1.51222038021432
-0.573873516613924
-2.1404983911619
-1.11906143895028
-0.85954281656165
-0.577038361706889
-0.815830287430266
-0.514140540486678
-0.87915696813532
-1.92497851218565
-0.749584841388059
-0.647186035126999
-0.847818984981023
-1.77117992461406
-0.476315816921661
-0.765189114204974
-2.17696508618314
-1.62657185207184
-0.708009924548954
-1.010071966243
-2.12889580839898
-0.922084420698609
-0.517618974234282
-0.620438282177843
-0.452541574792596
-0.65695539140005
-0.982801675654398
-0.926030615249484
-1.22562229378604
-1.92763913223056
-0.536541208846028
-2.28729272955199
-1.8882304147318
-0.419837261685182
-0.496172872217069
-1.97271287889376
-1.0853353921722
-0.564677127772198
-1.15938463471365
-0.385213681482088
-1.71243645769487
-1.97530034848386
-1.59052586396326
-1.67736947401611
-2.03051179335741
-1.82329481586041
-2.26503541950102
-1.03731200172266
-0.512479765792867
-1.76037947921082
-0.962097977963147
-1.20780403864147
-0.379979131202438
-0.75916914372264
-0.747482693814652
-0.404852078327401
-0.716919199399463
-0.458124160256857
-0.734662177829688
-0.557247409690131
-2.2077286491609
-2.27350444458962
-1.01633509016424
-0.901716960343901
-0.524758230853305
-0.408889273294767
-0.492540791526861
-0.625078865624657
-0.760789732157509
-1.55803455237966
-0.562729826430344
-0.78484302719581
-1.14257654051226
-0.449331944260446
-0.726669218634566
-0.792615967195428
-1.04827587570882
-0.514771480527192
-1.14272652826049
-0.510654642002199
-0.439439992197646
-2.29840793009803
-1.63461975864984
-0.607326332508015
-0.748814894724602
-1.29572841279873
-0.72392596390304
-1.58580942168377
-0.517800296608296
-1.14507307046036
-0.620753421987505
-2.08680484083004
-1.2060687565697
-0.712278491124312
-0.383948200100789
-0.707088041695624
-0.761775223012899
-0.483865852362676
-0.686418599919455
-1.21996621752752
-1.09073805037968
-1.76628737425414
-0.737677067756959
-2.0386763788705
-0.940560162401704
-0.403520645581726
-1.01547357537282
-0.970632238931852
-1.107217496679
-0.82624736819013
-0.874366800025624
-1.6839935937944
-0.860112726104119
-2.00802284660532
-0.528674797579712
-1.42621676629974
-0.511682622063536
-1.20696960615464
-1.47193006586266
-0.739133462457749
-1.7338133005757
-1.35233225728606
-1.8025502475134
-1.5497770014862
-0.771274900032626
-0.932363874308055
-0.623856800918222
-1.0114821397479
-1.19265792368628
-1.103761657333
-0.711615030135743
-0.395129068098164
-0.857242773653467
-1.76785915614227
-0.901041118920923
-0.517739707851575
-0.666395088154058
-1.08497027752214
-1.14155271870759
-2.23184556380905
-0.405716186907359
-0.382548428183646
-0.878269126819837
-1.05325358408802
-1.16597181756981
-0.900665076001796
-1.11674826914848
-0.632440786208891
-1.45321632217353
-1.3031273884369
-1.44770395254294
-0.479027199912377
-1.19835715412146
-0.637897397057112
-2.36656218434358
-1.8813891712505
-0.812155032690103
-0.827863732676805
-1.61939964430301
-0.825062584883662
-0.531863176652224
-0.95144037741234
-0.390882040376796
-1.3839913823288
-0.810647981297121
-0.916332010456345
-0.543731692892519
-1.18858592017479
-0.679043956825677
-0.433151970007209
-1.12790583242945
-1.65672455298878
-0.725135163945343
-0.702187952911427
-1.53828163413478
-0.969980737849876
-0.765855415607907
-1.22685798169774
-1.44020659726653
-1.39651332543932
-1.11969919582739
-2.33173466654
-0.64636401883738
-0.40511435715022
-0.692608644984593
-0.958773695486603
-1.03637413154194
-0.744325915964105
-1.22858064523836
-0.912468850309491
-0.398009652151357
-2.64503334739648
-1.24974960932872
-0.744537614239462
-0.490317440404297
-2.23538537387462
-0.441176092762976
-0.970875582277161
-1.39046742474623
-0.610517712616711
-1.1161407267411
-1.06269811072432
-1.17912409007334
-0.635676560019324
-0.838465057954197
-0.988217704170079
-1.43742849295635
-0.830818403440359
-0.427332939062433
-2.40292260633148
-1.25089459281724
-2.79008227788383
-0.79823519514306
-0.438627710036884
-0.431012910805333
-0.749175056207646
-1.33298317828729
-0.928056323719816
-1.94053837376682
-2.47750041998303
-0.554052539876551
-2.16167836136974
-0.725551942267652
-0.80963946471496
-1.52518823851131
-1.41766226949391
-0.920163973585302
-0.737351000572057
-0.688031906906217
-0.433933005889053
-0.474717955442197
-1.16747279453737
-0.730197629547205
-1.39959361937361
-1.34666911529952
-0.545733808477319
-3.66691795600107
-1.8202674626823
-0.876394733590748
-0.534692691796653
-0.809590499229407
-0.778133843459941
-0.617670670499772
-1.45139919021593
-1.87269507090281
-2.04015351969629
-1.06760797680435
-0.479667596496418
-1.22551027919301
-0.52041712734987
-0.913564341648821
-1.11604175422905
-0.626398054278876
-1.12648345497568
-0.557195935865999
-1.1203851185953
-1.43588151174399
-0.72823924167052
-1.2890786121041
-2.25399789364483
-1.11303625863056
-1.64537657538732
-1.01000297765889
-0.762075296144745
-1.49688464448486
-0.586513240447255
-1.51103890902345
-0.533683137902992
-0.386002388544031
-0.48378175955958
-1.09727990636891
-0.75014163183536
-0.451395265685625
-0.945349626717653
-1.81546406077058
-0.948164821796951
-0.947176153731273
-0.631618472663548
-0.779516905580837
-1.35359591545339
-0.460695826131386
-1.08531212220373
-0.786607502397878
-0.711740956260182
-1.65039553988396
-0.417688825587705
-0.644127235798826
-1.12891852537061
-1.81450783021446
-1.51242024953925
-1.85577902477605
-1.81274248897391
-1.91000500225713
-1.73594592139882
-2.23222264172006
-1.29931837852063
-0.581041616024402
-1.01839113586979
-0.704366831633479
-0.459889103689471
-1.2511482256574
-1.39311621567189
-1.31723660339937
-0.971467071512741
-1.4957688543882
-2.04098990070913
-0.685080712835162
-0.469197620478133
-1.72497495303122
-1.02102288404111
-0.442018393937198
-1.09287185738703
-1.03344452884888
-0.390917568455218
-1.14815417577005
-1.67546834468011
-0.944035058683877
-0.445078366555584
-1.21402474792258
-0.579078543053566
-0.511721174234356
-0.527122862080412
-1.59149458257906
-1.33310367076453
-1.64547249241348
-0.565943511896095
-1.34906933704175
-0.378886807553794
-1.73950140406862
-0.53673408330577
-1.55591699035482
-1.18125328737585
-0.420043290374684
-0.589012895657987
-1.15013444206069
-0.621756947068858
-1.02991346544291
-0.509243810938912
-1.22147635645016
-0.801184699525175
-1.07936006993274
-0.495458204245218
-0.857419532810492
-1.28669784543266
-0.883520232801364
-1.59169903855459
-2.04360527827334
-0.874901488756494
-1.43288466133888
-1.54929029805284
-0.560856529694422
-0.686504294266248
-0.979664997208705
-1.24468521952895
-0.611879941713723
-1.0391282489838
-2.29473835874908
-0.554176717993758
-1.54392020874378
-1.16892798599488
-1.54522420639714
-2.00772105056821
-0.569889569254775
-0.852124023706302
-0.946480783583993
-0.714626783694379
-0.929405121393144
-1.36233322431272
-0.934134862904883
-0.529805521375222
-1.66018973770204
-0.961861749932451
-0.79336607440521
-0.394664197388338
-0.821583463696008
-0.589420409949341
-0.49898414368039
-1.66949974095783
-0.666020589475491
-0.736428086718889
-1.48607063371866
-1.2521864146084
-0.575219732131932
-1.19535961464161
-0.815205212879112
-2.37323214033099
-1.08414753496703
-2.44318817106995
-0.449532759969168
-0.685728477123188
-0.506831474614
-0.437487907478222
-1.55534992984533
-1.60211214182124
-0.456383712184438
-0.417962569414588
-0.419517959204817
-0.859182435669063
-1.16691945451805
-0.719310313683441
-0.575892380437742
-0.836168666518141
-1.56036791784106
-0.482715767469592
-1.23808255852132
-0.983557010133682
-1.18836815587326
-1.94311925311379
-0.589856209990571
-1.39334538483354
-1.36762896774056
-1.19722374593719
-1.6909730729051
-1.04766014288246
-2.22138844285427
-1.06498624475879
-0.437317907117342
-1.37925042854289
-0.628493493850043
-1.39200801695044
-0.7775510332652
-0.859180352473098
-1.9494971763008
-1.20455955288664
-0.682649148609794
-1.49123884568786
-0.725696588106263
-1.10744948083972
-0.925405726866279
-0.599009466851198
-0.522669067137091
-0.387127008911364
-1.0751198858588
-1.11000887127896
-0.706750431721966
-1.23467403136753
-1.41160034609405
-0.642931250074424
-1.15116587803261
-1.72890371136694
-0.744646855546644
-1.04771855247284
-0.394699272945632
-1.61947882362725
-1.40731548048785
-0.911005794709948
-1.15799833404847
-0.975337164057576
-1.24739807812505
-0.978079685022056
-1.73327001101043
-0.967154582521198
-1.33472186096466
-1.54457870316201
-0.551435306277534
-0.390123308078505
-0.423394345059136
-0.531427186910719
-1.47841234541513
-0.948861918707742
-1.83008784536049
-0.72039950506524
-0.8510157695202
-1.58152171058546
-2.67863219468631
-2.36547603898052
-0.483972466645188
-1.26436795903051
-1.34506033448722
-1.15542251843517
-0.867323883307568
-0.521143632219116
-1.35146587070625
-1.41397051518563
0
0
0
0
0
0
0
0
0
0
0
0
0
0
0
0
0
0
0
0
0
0
0
0
0
0
0
0
0
0
0
0
0
0
0
0
0
0
0
0
0
0
0
0
0
0
0
0
0
0
0
0
0
0
0
0
0
0
0
0
0
0
0
0
0
0
0
0
0
0
0
0
0
0
0
0
0
0
0
0
0
0
0
0
0
0
0
0
0
0
0
0
0
0
0
0
0
0
0
0
0
0
0
0
0
0
0
0
0
0
0
0
0
0
0
0
0
0
0
0
0
0
0
0
0
0
0
0
0
0
0
0
0
0
0
0
0
0
0
0
0
0
0
0
0
0
0
0
0
0
0
0
0
0
0
0
0
0
0
0
0
0
0
0
0
0
0
0
0
0
0
0
0
0
0
0
0
0
0
0
0
0
0
0
0
0
0
0
0
0
0
0
0
0
0
0
0
0
0
0
0
0
0
0
0
0
0
0
0
0
0
0
0
0
0
0
0
0
0
0
0
0
0
0
0
0
0
0
0
0
0
0
0
0
0
0
0
0
0
0
0
0
0
0
0
0
0
0
0
0
0
0
0
0
0
0
0
0
0
0
0
0
0
0
0
0
0
0
0
0
0
0
0
0
0
0
0
0
0
0
0
0
0
0
0
0
0
0
0
0
0
0
0
0
0
0
0
0
0
0
0
0
0
0
0
0
0
0
0
0
0
0
0
0
0
0
0
0
0
0
0
0
0
0
0
0
0
0
0
0
0
0
0
0
0
0
0
0
0
0
0
0
0
0
0
0
0
0
0
0
0
0
0
0
0
0
0
0
0
0
0
0
0
0
0
0
0
0
0
0
0
0
0
0
0
0
0
0
0
0
0
0
0
0
0
0
0
0
0
0
0
0
0
0
0
0
0
0
0
0
0
0
0
0
0
0
0
0
0
0
0
0
0
0
0
0
0
0
0
0
0
0
0
0
0
0
0
0
0
0
0
0
0
0
0
0
0
0
0
0
0
0
0
0
0
0
0
0
0
0
0
0
0
0
0
0
0
0
0
0
0
0
0
0
0
0
0
0
0
0
0
0
0
0
0
0
0
0
0
0
0
0
0
0
0
0
0
0
0
0
0
0
0
0
0
0
0
0
0
0
0
0
0
0
0
0
0
0
0
0
0
0
0
0
0
0
0
0
0
0
0
0
0
0
0
0
0
0
0
0
0
0
0
0
0
0
0
0
0
0
0
0
0
0
0
0
0
0
0
0
0
0
0
0
0
0
0
0
0
0
0
0
0
0
0
0
0
0
0
0
0
0
0
0
0
0
0
0
0
0
0
0
0
0
0
0
0
0
0
0
0
0
0
0
0
0
0
0
0
0
0
0
0
0
0
0
0
0
0
0
0
0
0
0
0
0
0
0
0
0
0
0
0
0
0
0
0
0
0
0
0
0
0
0
0
0
0
0
0
0
0
0
0
0
0
0
0
0
0
0
0
0
0
0
0
0
0
0
0
0
0
0
0
0
0
0
0
0
0
0
0
0
0
0
0
0
0
0
0
0
0
0
0
0
0
0
0
0
0
0
0
0
0
0
0
0
0
0
0
0
0
0
0
0
0
0
0
0
0
0
0
0
0
0
0
0
0
0
0
0
0
0
0
0
0
0
0
0
0
0
0
0
0
0
0
0
0
0
0
0
0
0
0
0
0
0
0
0
0
0
0
0
0
0
0
0
0
0
0
0
0
0
0
0
0
0
0
0
0
0
0
0
0
0
0
0
0
0
0
0
0
0
0
0
0
0
0
0
0
0
0
0
0
0
0
0
0
0
0
0
0
0
0
0
0
0
0
0
0
0
0
0
0
0
0
0
0
0
0
0
0
0
0
0
0
0
0
0
0
0
0
0
0
0
0
0
0
0
0
0
0
0
0
0
0
0
0
0
0
0
0
0
0
0
0
0
0
0
0
0
0
0
0
0
0
0
0
0
0
0
0
0
0
0
0
0
0
0
0
0
0
0
0
0
0
0
0
0
0
0
0
0
0
0
0
0
0
0
0
0
0
0
0
0
0
0
0
0
0
0
0
0
0
0
0
0
0
0
0
0
0
0
0
0
0
0
0
0
0
0
0
0
0
0
0
0
0
0
0
0
0
0
0
0
0
0
0
0
0
0
0
0
0
0
0
0
0
0
0
0
0
0
0
0
0
0
0
0
0
0
0
0
0
0
0
0
0
0
0
0
0
0
0
0
0
0
0
0
0
0
0
0
0
0
0
0
0
0
0
0
0
0
0
0
0
0
0
0
0
0
0
0
0
0
0
0
0
0
0
0
0
0
0
0
0
0
0
0
0
0
0
0
0
0
0
0
0
0
0
0
0
0
0
0
0
0
0
0
0
0
0
0
0
0
0
0
0
0
0
0
0
0
0
0
0
0
0
0
0
0
0
0
0
0
0
0
0
0
0
0
0
0
0
0
0
0
0
0
0
0
0
0
0
0
0
0
0
0
0
0
0
0
0
0
0
0
0
0
0
0
0
0
0
0
0
0
0
0
0
0
0
0
0
0
0
0
0
0
0
0
0
0
0
0
0
0
0
0
0
0
0
0
0
0
0
0
0
0
0
0
0
0
0
0
0
0
0
0
0
0
0
0
0
0
0
0
0
0
0
0
0
0
0
0
0
0
0
0
0
0
0
0
0
0
0
0
0
0
0
0
0
0
0
0
0
0
0
0
0
0
0
0
0
0
0
0
0
0
0
0
0
0
0
0
0
0
0
0
0
0
0
0
0
0
0
0
0
0
0
0
0
0
0
0
0
0
0
0
0
0
0
0
0
0
0
0
0
0
0
0
0
0
0
0
0
0
0
0
0
0
0
0
0
0
0
0
0
0
0
0
0
0
0
0
0
0
0
0
0
0
0
0
0
0
0
0
0
0
0
0
0
0
0
0
0
0
0
0
0
0
0
0
0
0
0
0
0
0
0
0
0
0
0
0
0
0
0
0
0
0
0
0
0
0
0
0
0
0
0
0
0
0
0
0
0
0
0
0
0
0
0
0
0
0
0
0
0
0
0
0
0
0
0
0
0
0
0
0
0
0
0
0
0
0
0
0
0
0
0
0
0
0
0
0
0
0
0
0
0
0
0
0
0
0
0
0
0
0
0
0
0
0
0
0
0
0
0
0
0
0
0
0
0
0
0
0
0
0
0
0
0
0
0
0
0
0
0
0
0
0
0
0
0
0
0
0
0
0
0
0
0
0
0
0
0
0
0
0
0
0
0
0
0
0
0
0
0
0
0
0
0
0
0
0
0
0
0
0
0
0
0
0
0
0
0
0
0
0
0
0
0
0
0
0
0
0
0
0
0
0
0
0
0
0
0
0
0
0
0
0
0
0
0
0
0
0
0
0
0
0
0
0
0
0
0
0
0
0
0
0
0
0
0
0
0
0
0
0
0
0
0
0
0
0
0
0
0
0
0
0
0
0
0
0
0
0
0
0
0
0
0
0
0
0
0
0
0
0
0
0
0
0
0
0
0
0
0
0
0
0
0
0
0
0
0
0
0
0
0
0
0
0
0
0
0
0
0
0
0
0
0
0
0
0
0
0
0
0
0
0
0
0
0
0
0
0
0
0
0
0
0
0
0
0
0
0
0
0
0
0
0
0
0
0
0
0
0
0
0
0
0
0
0
0
0
0
0
0
0
0
0
0
0
0
0
0
0
0
0
0
0
0
0
0
0
0
0
0
0
0
0
0
0
0
0
0
0
0
0
0
0
0
0
0
0
0
0
0
0
0
0
0
0
0
0
0
0
0
0
0
0
0
0
0
0
0
0
0
0
0
0
0
0
0
0
0
0
0
0
0
0
0
0
0
0
0
0
0
0
0
0
0
0
0
0
0
0
0
0
0
0
0
0
0
0
0
0
0
0
0
0
0
0
0
0
0
0
0
0
0
0
0
0
0
0
0
0
0
0
0
0
0
0
0
0
0
0
0
0
0
0
0
0
0
0
0
0
0
0
0
0
0
0
0
0
0
0
0
0
0
0
0
0
0
0
0
0
0
0
0
0
0
0
0
0
0
0
0
0
0
0
0
0
0
0
0
0
0
0
0
0
0
0
0
0
0
0
0
0
0
0
0
0
0
0
0
0
0
0
0
0
0
0
0
0
0
0
0
0
0
0
0
0
0
0
0
0
0
0
0
0
0
0
0
0
0
0
0
0
0
0
0
0
0
0
0
0
0
0
0
0
0
0
0
0
0
0
0
0
0
0
0
0
0
0
0
0
0
0
0
0
0
0
0
0
0
0
0
0
0
0
0
0
0
0
0
0
0
0
0
0
0
0
0
0
0
0
0
0
0
0
0
0
0
0
0
0
0
0
0
0
0
0
0
0
0
0
0
0
0
0
0
0
0
0
0
0
0
0
0
0
0
0
0
0
0
0
0
0
0
0
0
0
0
0
0
0
0
0
0
0
0
0
0
0
0
0
0
0
0
0
0
0
0
0
0
0
0
0
0
0
0
0
0
0
0
0
0
0
0
0
0
0
0
0
0
0
0
0
0
0
0
0
0
0
0
0
0
0
0
0
0
0
0
0
0
0
0
0
0
0
0
0
0
0
0
0
0
0
0
0
0
0
0
0
0
0
0
0
0
0
0
0
0
0
0
0
0
0
0
0
0
0
0
0
0
0
0
0
0
0
0
0
0
0
0
0
0
0
0
0
0
0
0
0
0
0
0
0
0
0
0
0
0
0
0
0
0
0
0
0
0
0
0
0
0
0
0
0
0
0
0
0
0
0
0
0
0
0
0
0
0
0
0
0
0
0
0
0
0
0
0
0
0
0
0
0
0
0
0
0
0
0
0
0
0
0
0
0
0
0
0
0
0
0
0
0
0
0
0
0
0
0
0
0
0
0
0
0
0
0
0
0
0
0
0
0
0
0
0
0
0
0
0
0
0
0
0
0
0
0
0
0
0
0
0
0
0
0
0
0
0
0
0
0
0
0
0
0
0
0
0
0
0
0
0
0
0
0
0
0
0
0
0
0
0
0
0
0
0
0
0
0
0
0
0
0
0
0
0
0
0
0
0
0
0
0
0
0
0
0
0
0
0
0
0
0
0
0
0
0
0
0
0
0
0
0
0
0
0
0
0
0
0
0
0
0
0
0
0
0
0
0
0
0
0
0
0
0
0
0
0
0
0
0
0
0
0
0
0
0
0
0
0
0
0
0
0
0
0
0
0
0
0
0
0
0
0
0
0
0
0
0
0
0
0
0
0
0
0
0
0
0
0
0
0
0
0
0
0
0
0
0
0
0
0
0
0
0
0
0
0
0
0
0
0
0
0
0
0
0
0
0
0
0
0
0
0
0
0
0
0
0
0
0
0
0
0
0
0
0
0
0
0
0
0
0
0
0
0
0
0
0
0
0
0
0
0
0
0
0
0
0
0
0
0
0
0
0
0
0
0
0
0
0
0
0
0
0
0
0
0
0
0
0
0
0
0
0
0
0
0
0
0
0
0
0
0
0
0
0
0
0
0
0
0
0
0
0
0
0
0
0
0
0
0
0
0
0
0
0
0
0
0
0
0
0
0
0
0
0
0
0
0
0
0
0
0
0
0
0
0
0
0
0
0
0
0
0
0
0
0
0
0
0
0
0
0
0
0
0
0
0
0
0
0
0
0
0
0
0
0
0
0
0
0
0
0
0
0
0
0
0
0
0
0
0
0
0
0
0
0
0
0
0
0
0
0
0
0
0
0
0
0
0
0
0
0
0
0
0
0
0
0
0
0
0
0
0
0
0
0
0
0
0
0
0
0
0
0
0
0
0
0
0
0
0
0
0
0
0
0
0
0
0
0
0
0
0
0
0
0
0
0
0
0
0
0
0
0
0
0
0
0
0
0
0
0
0
0
0
0
0
0
0
0
0
0
0
0
0
0
0
0
0
0
0
0
0
0
0
0
0
0
0
0
0
0
0
0
0
0
0
0
0
0
0
0
0
0
0
0
0
0
0
0
0
0
0
0
0
0
0
0
0
0
0
0
0
0
0
0
0
0
0
0
0
0
0
0
0
0
0
0
0
0
0
0
0
0
0
0
0
0
0
0
0
0
0
0
0
0
0
0
0
0
0
0
0
0
0
0
0
0
0
0
0
0
0
0
0
0
0
0
0
0
0
0
0
0
0
0
0
0
0
0
0
0
0
0
0
0
0
0
0
0
0
0
0
0
0
0
0
0
0
0
0
0
0
0
0
0
0
0
0
0
0
0
0
0
0
0
0
0
0
0
0
0
0
0
0
0
0
0
0
0
0
0
0
0
0
0
0
0
0
0
0
0
0
0
0
0
0
0
0
0
0
0
0
0
0
0
0
0
0
0
0
0
0
0
0
0
0
0
0
0
0
0
0
0
0
0
0
0
0
0
0
0
0
0
0
0
0
0
0
0
0
0
0
0
0
0
0
0
0
0
0
0
0
0
0
0
0
0
0
0
0
0
0
0
0
0
0
0
0
0
0
0
0
0
0
0
0
0
0
0
0
0
0
0
0
0
0
0
0
0
0
0
0
0
0
0
0
0
0
0
0
0
0
0
0
0
0
0
0
0
0
0
0
0
0
0
0
0
0
0
0
0
0
0
0
0
0
0
0
0
0
0
0
0
0
0
0
0
0
0
0
0
0
0
0
0
0
0
0
0
0
0
0
0
0
0
0
0
0
0
0
0
0
0
0
0
0
0
0
0
0
0
0
0
0
0
0
0
0
0
0
0
0
0
0
0
0
0
0
0
0
0
0
0
0
0
0
0
0
0
0
0
0
0
0
0
0
0
0
0
0
0
0
0
0
0
0
0
0
0
0
0
0
0
0
0
0
0
0
0
0
0
0
0
0
0
0
0
0
0
0
0
0
0
0
0
0
0
0
0
0
0
0
0
0
0
0
0
0
0
0
0
0
0
0
0
0
0
0
0
0
0
0
0
0
0
0
0
0
0
0
0
0
0
0
0
0
0
0
0
0
0
0
0
0
0
0
0
0
0
0
0
0
0
0
0
0
0
0
0
0
0
0
0
0
0
0
0
0
0
0
0
0
0
0
0
0
0
0
0
0
0
0
0
0
0
0
0
0
0
0
0
0
0
0
0
0
0
0
0
0
0
0
0
0
0
0
0
0
0
0
0
0
0
0
0
0
0
0
0
0
0
0
0
0
0
0
0
0
0
0
0
0
0
0
0
0
0
0
0
0
0
0
0
0
0
0
0
0
0
0
0
0
0
0
0
0
0
0
0
0
0
0
0
0
0
0
0
0
0
0
0
0
0
0
0
0
0
0
0
0
0
0
0
0
0
0
0
0
0
0
0
0
0
0
0
0
0
0
0
0
0
0
0
0
0
0
0
0
0
0
0
0
0
0
0
0
0
0
0
0
0
0
0
0
0
0
0
0
0
0
0
0
0
0
0
0
0
0
0
0
0
0
0
0
0
0
0
0
0
0
0
0
0
0
0
0
0
0
0
0
0
0
0
0
0
0
0
0
0
0
0
0
0
0
0
0
0
0
0
0
0
0
0
0
0
0
0
0
0
0
0
0
0
0
0
0
0
0
0
0
0
0
0
0
0
0
0
0
0
0
0
0
0
0
0
0
0
0
0
0
0
0
0
0
0
0
0
0
0
0
0
0
0
0
0
0
0
0
0
0
0
0
0
0
0
0
0
0
0
0
0
0
0
0
0
0
0
0
0
0
0
0
0
0
0
0
0
0
0
0
0
0
0
0
0
0
0
0
0
0
0
0
0
0
0
0
0
0
0
0
0
0
0
0
0
0
0
0
0
0
0
0
0
0
0
0
0
0
0
0
0
0
0
0
0
0
0
0
0
0
0
0
0
0
0
0
0
0
0
0
0
0
0
0
0
0
0
0
0
0
0
0
0
0
0
0
0
0
0
0
0
0
0
0
0
0
0
0
0
0
0
0
0
0
0
0
0
0
0
0
0
0
0
0
0
0
0
0
0
0
0
0
0
0
0
0
0
0
0
0
0
0
0
0
0
0
0
0
0
0
0
0
0
0
0
0
0
0
0
0
0
0
0
0
0
0
0
0
0
0
0
0
0
0
0
0
0
0
0
0
0
0
0
0
0
0
0
0
0
0
0
0
0
0
0
0
0
0
0
0
0
0
0
0
0
0
0
0
0
0
0
0
0
0
0
0
0
0
0
0
0
0
0
0
0
0
0
0
0
0
0
0
0
0
0
0
0
0
0
0
0
0
0
0
0
0
0
0
0
0
0
0
0
0
0
0
0
0
0
0
0
0
0
0
0
0
0
0
0
0
0
0
0
0
0
0
0
0
0
0
0
0
0
0
0
0
0
0
0
0
0
0
0
0
0
0
0
0
0
0
0
0
0
0
0
0
0
0
0
0
0
0
0
0
0
0
0
0
0
0
0
0
0
0
0
0
0
0
0
0
0
0
0
0
0
0
0
0
0
0
0
0
0
0
0
0
0
0
0
0
0
0
0
0
0
0
0
0
0
0
0
0
0
0
0
0
0
0
0
0
0
0
0
0
0
0
0
0
0
0
0
0
0
0
0
0
0
0
0
0
0
0
0
0
0
0
0
0
0
0
0
0
0
0
0
0
0
0
0
0
0
0
0
0
0
0
0
0
0
0
0
0
0
0
0
0
0
0
0
0
0
0
0
0
0
0
0
0
0
0
0
0
0
0
0
0
0
0
0
0
0
0
0
0
0
0
0
0
0
0
0
0
0
0
0
0
0
0
0
0
0
0
0
0
0
0
0
0
0
0
0
0
0
0
0
0
0
0
0
0
0
0
0
0
0
0
0
0
0
0
0
0
0
0
0
0
0
0
0
0
0
0
0
0
0
0
0
0
0
0
0
0
0
0
0
0
0
0
0
0
0
0
0
0
0
0
0
0
0
0
0
0
0
0
0
0
0
0
0
0
0
0
0
0
0
0
0
0
0
0
0
0
0
0
0
0
0
0
0
0
0
0
0
0
0
0
0
0
0
0
0
0
0
0
0
0
0
0
0
0
0
0
0
0
0
0
0
0
0
0
0
0
0
0
0
0
0
0
0
0
0
0
0
0
0
0
0
0
0
0
0
0
0
0
0
0
0
0
0
0
0
0
0
0
0
0
0
0
0
0
0
0
0
0
0
0
0
0
0
0
0
0
0
0
0
0
0
0
0
0
0
0
0
0
0
0
0
0
0
0
0
0
0
0
0
0
0
0
0
0
0
0
0
0
0
0
0
0
0
0
0
0
0
0
0
0
0
0
0
0
0
0
0
0
0
0
0
0
0
0
0
0
0
0
0
0
0
0
0
0
0
0
0
0
0
0
0
0
0
0
0
0
0
0
0
0
0
0
0
0
0
0
0
0
0
0
0
0
0
0
0
0
0
0
0
0
0
0
0
0
0
0
0
0
0
0
0
0
0
0
0
0
0
0
0
0
0
0
0
0
0
0
0
0
0
0
0
0
0
0
0
0
0
0
0
0
0
0
0
0
0
0
0
0
0
0
0
0
0
0
0
0
0
0
0
0
0
0
0
0
0
0
0
0
0
0
0
0
0
0
0
0
0
0
0
0
0
0
0
0
0
0
0
0
0
0
0
0
0
0
0
0
0
0
0
0
0
0
0
0
0
0
0
0
0
0
0
0
0
0
0
0
0
0
0
0
0
0
0
0
0
0
0
0
0
0
0
0
0
0
0
0
0
0
0
0
0
0
0
0
0
0
0
0
0
0
0
0
0
0
0
0
0
0
0
0
0
0
0
0
0
0
0
0
0
0
0
0
0
0
0
0
0
0
0
0
0
0
0
0
0
0
0
0
0
0
0
0
0
0
0
0
0
0
0
0
0
0
0
0
0
0
0
0
0
0
0
0
0
0
0
0
0
0
0
0
0
0
0
0
0
0
0
0
0
0
0
0
0
0
0
0
0
0
0
0
0
0
0
0
0
0
0
0
0
0
0
0
0
0
0
0
0
0
0
0
0
0
0
0
0
0
0
0
0
0
0
0
0
0
0
0
0
0
0
0
0
0
0
0
0
0
0
0
0
0
0
0
0
0
0
0
0
0
0
0
0
0
0
0
0
0
0
0
0
0
0
0
0
0
0
0
0
0
0
0
0
0
0
0
0
0
0
0
0
0
0
0
0
0
0
0
0
0
0
0
0
0
0
0
0
0
0
0
0
0
0
0
0
0
0
0
0
0
0
0
0
0
0
0
0
0
0
0
0
0
0
0
0
0
0
0
0
0
0
0
0
0
0
0
0
0
0
0
0
0
0
0
0
0
0
0
0
0
0
0
0
0
0
0
0
0
0
0
0
0
0
0
0
0
0
0
0
0
0
0
0
0
0
0
0
0
0
0
0
0
0
0
0
0
0
0
0
0
0
0
0
0
0
0
0
0
0
0
0
0
0
0
0
0
0
0
0
0
0
0
0
0
0
0
0
0
0
0
0
0
0
0
0
0
0
0
0
0
0
0
0
0
0
0
0
0
0
0
0
0
0
0
0
0
0
0
0
0
0
0
0
0
0
0
0
0
0
0
0
0
0
0
0
0
0
0
0
0
0
0
0
0
0
0
0
0
0
0
0
0
0
0
0
0
0
0
0
0
0
0
0
0
0
0
0
0
0
0
0
0
0
0
0
0
0
0
0
0
0
0
0
0
0
0
0
0
0
0
0
0
0
0
0
0
0
0
0
0
0
0
0
0
0
0
0
0
0
0
0
0
0
0
0
0
0
0
0
0
0
0
0
0
0
0
0
0
0
0
0
0
0
0
0
0
0
0
0
0
0
0
0
0
0
0
0
0
0
0
0
0
0
0
0
0
0
0
0
0
0
0
0
0
0
0
0
0
0
0
0
0
0
0
0
0
0
0
0
0
0
0
0
0
0
0
0
0
0
0
0
0
0
0
0
0
0
0
0
0
0
0
0
0
0
0
0
0
0
0
0
0
0
0
0
0
0
0
0
0
0
0
0
0
0
0
0
0
0
0
0
0
0
0
0
0
0
0
0
0
0
0
0
0
0
0
0
0
0
0
0
0
0
0
0
0
0
0
0
0
0
0
0
0
0
0
0
0
0
0
0
0
0
0
0
0
0
0
0
0
0
0
0
0
0
0
0
0
0
0
0
0
0
0
0
0
0
0
0
0
0
0
0
0
0
0
0
0
0
0
0
0
0
0
0
0
0
0
0
0
0
0
0
0
0
0
0
0
0
0
0
0
0
0
0
0
0
0
0
0
0
0
0
0
0
0
0
0
0
0
0
0
0
0
0
0
0
0
0
0
0
0
0
0
0
0
0
0
0
0
0
0
0
0
0
0
0
0
0
0
0
0
0
0
0
0
0
0
0
0
0
0
0
0
0
0
0
0
0
0
0
0
0
0
0
0
0
0
0
0
0
0
0
0
0
0
0
0
0
0
0
0
0
0
0
0
0
0
0
0
0
0
0
0
0
0
0
0
0
0
0
0
0
0
0
0
0
0
0
0
0
0
0
0
0
0
0
0
0
0
0
0
0
0
0
0
0
0
0
0
0
0
0
0
0
0
0
0
0
0
0
0
0
0
0
0
0
0
0
0
0
0
0
0
0
0
0
0
0
0
0
0
0
0
0
0
0
0
0
0
0
0
0
0
0
0
0
0
0
0
0
0
0
0
0
0
0
0
0
0
0
0
0
0
0
0
0
0
0
0
0
0
0
0
0
0
0
0
0
0
0
0
0
0
0
0
0
0
0
0
0
0
0
0
0
0
0
0
0
0
0
0
0
0
0
0
0
0
0
0
0
0
0
0
0
0
0
0
0
0
0
0
0
0
0
0
0
0
0
0
0
0
0
0
0
0
0
0
0
0
0
0
0
0
0
0
0
0
0
0
0
0
0
0
0
0
0
0
0
0
0
0
0
0
0
0
0
0
0
0
0
0
0
0
0
0
0
0
0
0
0
0
0
0
0
0
0
0
0
0
0
0
0
0
0
0
0
0
0
0
0
0
0
0
0
0
0
0
0
0
0
0
0
0
0
0
0
0
0
0
0
0
0
0
0
0
0
0
0
0
0
0
0
0
0
0
0
0
0
0
0
0
0
0
0
0
0
0
0
0
0
0
0
0
0
0
0
0
0
0
0
0
0
0
0
0
0
0
0
0
0
0
0
0
0
0
0
0
0
0
0
0
0
0
0
0
0
0
0
0
0
0
0
0
0
0
0
0
0
0
0
0
0
0
0
0
0
0
0
0
0
0
0
0
0
0
0
0
0
0
0
0
0
0
0
0
0
0
0
0
0
0
0
0
0
0
0
0
0
0
0
0
0
0
0
0
0
0
0
0
0
0
0
0
0
0
0
0
0
0
0
0
0
0
0
0
0
0
0
0
0
0
0
0
0
0
0
0
0
0
0
0
0
0
0
0
0
0
0
0
0
0
0
0
0
0
0
0
0
0
0
0
0
0
0
0
0
0
0
0
0
0
0
0
0
0
0
0
0
0
0
0
0
0
0
0
0
0
0
0
0
0
0
0
0
0
0
0
0
0
0
0
0
0
0
0
0
0
0
0
0
0
0
0
0
0
0
0
0
0
0
0
0
0
0
0
0
0
0
0
0
0
0
0
0
0
0
0
0
0
0
0
0
0
0
0
0
0
0
0
0
0
0
0
0
0
0
0
0
0
0
0
0
0
0
0
0
0
0
0
0
0
0
0
0
0
0
0
0
0
0
0
0
0
0
0
0
0
0
0
0
0
0
0
0
0
0
0
0
0
0
0
0
0
0
0
0
0
0
0
0
0
0
0
0
0
0
0
0
0
0
0
0
0
0
0
0
0
0
0
0
0
0
0
0
0
0
0
0
0
0
0
0
0
0
0
0
0
0
0
0
0
0
0
0
0
0
0
0
0
0
0
0
0
0
0
0
0
0
0
0
0
0
0
0
0
0
0
0
0
0
0
0
0
0
0
0
0
0
0
0
0
0
0
0
0
0
0
0
0
0
0
0
0
0
0
0
0
0
0
0
0
0
0
0
0
0
0
0
0
0
0
0
0
0
0
0
0
0
0
0
0
0
0
0
0
0
0
0
0
0
0
0
0
0
0
0
0
0
0
0
0
0
0
0
0
0
0
0
0
0
0
0
0
0
0
0
0
0
0
0
0
0
0
0
0
0
0
0
0
0
0
0
0
0
0
0
0
0
0
0
0
0
0
0
0
0
0
0
0
0
0
0
0
0
0
0
0
0
0
0
0
0
0
0
0
0
0
0
0
0
0
0
0
0
0
0
0
0
0
0
0
0
0
0
0
0
0
0
0
0
0
0
0
0
0
0
0
0
0
0
0
0
0
0
0
0
0
0
0
0
0
0
0
0
0
0
0
0
0
0
0
0
0
0
0
0
0
0
0
0
0
0
0
0
0
0
0
0
0
0
0
0
0
0
0
0
0
0
0
0
0
0
0
0
0
0
0
0
0
0
0
0
0
0
0
0
0
0
0
0
0
0
0
0
0
0
0
0
0
0
0
0
0
0
0
0
0
0
0
0
0
0
0
0
0
0
0
0
0
0
0
0
0
0
0
0
0
0
0
0
0
0
0
0
0
0
0
0
0
0
0
0
0
0
0
0
0
0
0
0
0
0
0
0
0
0
0
0
0
0
0
0
0
0
0
0
0
0
0
0
0
0
0
0
0
0
0
0
0
0
0
0
0
0
0
0
0
0
0
0
0
0
0
0
0
0
0
0
0
0
0
0
0
0
0
0
0
0
0
0
0
0
0
0
0
0
0
0
0
0
0
0
0
0
0
0
0
0
0
0
0
0
0
0
0
0
0
0
0
0
0
0
0
0
0
0
0
0
0
0
0
0
0
0
0
0
0
0
0
0
0
0
0
0
0
0
0
0
0
0
0
0
0
0
0
0
0
0
0
0
0
0
0
0
0
0
0
0
0
0
0
0
0
0
0
0
0
0
0
0
0
0
0
0
0
0
0
0
0
0
0
0
0
0
0
0
0
0
0
0
0
0
0
0
0
0
0
0
0
0
0
0
0
0
0
0
0
0
0
0
0
0
0
0
0
0
0
0
0
0
0
0
0
0
0
0
0
0
0
0
0
0
0
0
0
0
0
0
0
0
0
0
0
0
0
0
0
0
0
0
0
0
0
0
0
0
0
0
0
0
0
0
0
0
0
0
0
0
0
0
0
0
0
0
0
0
0
0
0
0
0
0
0
0
0
0
0
0
0
0
0
0
0
0
0
0
0
0
0
0
0
0
0
0
0
0
0
0
0
0
0
0
0
0
0
0
0
0
0
0
0
0
0
0
0
0
0
0
0
0
0
0
0
0
0
0
0
0
0
0
0
0
0
0
0
0
0
0
0
0
0
0
0
0
0
0
0
0
0
0
0
0
0
0
0
0
0
0
0
0
0
0
0
0
0
0
0
0
0
0
0
0
0
0
0
0
0
0
0
0
0
0
0
0
0
0
0
0
0
0
0
0
0
0
0
0
0
0
0
0
0
0
0
0
0
0
0
0
0
0
0
0
0
0
0
0
0
0
0
0
0
0
0
0
0
0
0
0
0
0
0
0
0
0
0
0
0
0
0
0
0
0
0
0
0
0
0
0
0
0
0
0
0
0
0
0
0
0
0
0
0
0
0
0
0
0
0
0
0
0
0
0
0
0
0
0
0
0
0
0
0
0
0
0
0
0
0
0
0
0
0
0
0
0
0
0
0
0
0
0
0
0
0
0
0
0
0
0
0
0
0
0
0
0
0
0
0
0
0
0
0
0
0
0
0
0
0
0
0
0
0
0
0
0
0
0
0
0
0
0
0
0
0
0
0
0
0
0
0
0
0
0
0
0
0
0
0
0
0
0
0
0
0
0
0
0
0
0
0
0
0
0
0
0
0
0
0
0
0
0
0
0
0
0
0
0
0
0
0
0
0
0
0
0
0
0
0
0
0
0
0
0
0
0
0
0
0
0
0
0
0
0
0
0
0
0
0
0
0
0
0
0
0
0
0
0
0
0
0
0
0
0
0
0
0
0
0
0
0
0
0
0
0
0
0
0
0
0
0
0
0
0
0
0
0
0
0
0
0
0
0
0
0
0
0
0
0
0
0
0
0
0
0
0
0
0
0
0
0
0
0
0
0
0
0
0
0
0
0
0
0
0
0
0
0
0
0
0
0
0
0
0
0
0
0
0
0
0
0
0
0
0
0
0
0
0
0
0
0
0
0
0
0
0
0
0
0
0
0
0
0
0
0
0
0
0
0
0
0
0
0
0
0
0
0
0
0
0
0
0
0
0
0
0
0
0
0
0
0
0
0
0
0
0
0
0
0
0
0
0
0
0
0
0
0
0
0
0
0
0
0
0
0
0
0
0
0
0
0
0
0
0
0
0
0
0
0
0
0
0
0
0
0
0
0
0
0
0
0
0
0
0
0
0
0
0
0
0
0
0
0
0
0
0
0
0
0
0
0
0
0
0
0
0
0
0
0
0
0
0
0
0
0
0
0
0
0
0
0
0
0
0
0
0
0
0
0
0
0
0
0
0
0
0
0
0
0
0
0
0
0
0
0
0
0
0
0
0
0
0
0
0
0
0
0
0
0
0
0
0
0
0
0
0
0
0
0
0
0
0
0
0
0
0
0
0
0
0
0
0
0
0
0
0
0
0
0
0
0
0
0
0
0
0
0
0
0
0
0
0
0
0
0
0
0
0
0
0
0
0
0
0
0
0
0
0
0
0
0
0
0
0
0
0
0
0
0
0
0
0
0
0
0
0
0
0
0
0
0
0
0
0
0
0
0
0
0
0
0
0
0
0
0
0
0
0
0
0
0
0
0
0
0
0
0
0
0
0
0
0
0
0
0
0
0
0
0
0
0
0
0
0
0
0
0
0
0
0
0
0
0
0
0
0
0
0
0
0
0
0
0
0
0
0
0
0
0
0
0
0
0
0
0
0
0
0
0
0
0
0
0
0
0
0
0
0
0
0
0
0
0
0
0
0
0
0
0
0
0
0
0
0
0
0
0
0
0
0
0
0
0
0
0
0
0
0
0
0
0
0
0
0
0
0
0
0
0
0
0
0
0
0
0
0
0
0
0
0
0
0
0
0
0
0
0
0
0
0
0
0
0
0
0
0
0
0
0
0
0
0
0
0
0
0
0
0
0
0
0
0
0
0
0
0
0
0
0
0
0
0
0
0
0
0
0
0
0
0
0
0
0
0
0
0
0
0
0
0
0
0
0
0
0
0
0
0
0
0
0
0
0
0
0
0
0
0
0
0
0
0
0
0
0
0
0
0
0
0
0
0
0
0
0
0
0
0
0
0
0
0
0
0
0
0
0
0
0
0
0
0
0
0
0
0
0
0
0
0
0
0
0
0
0
0
0
0
0
0
0
0
0
0
0
0
0
0
0
0
0
0
0
0
0
0
0
0
0
0
0
0
0
0
0
0
0
0
0
0
0
0
0
0
0
0
0
0
0
0
0
0
0
0
0
0
0
0
0
0
0
0
0
0
0
0
0
0
0
0
0
0
0
0
0
0
0
0
0
0
0
0
0
0
0
0
0
0
0
0
0
0
0
0
0
0
0
0
0
0
0
0
0
0
0
0
0
0
0
0
0
0
0
0
0
0
0
0
0
0
0
0
0
0
0
0
0
0
0
0
0
0
0
0
0
0
0
0
0
0
0
0
0
0
0
0
0
0
0
0
0
0
0
0
0
0
0
0
0
0
0
0
0
0
0
0
0
0
0
0
0
0
0
0
0
0
0
0
0
0
0
0
0
0
0
0
0
0
0
0
0
0
0
0
0
0
0
0
0
0
0
0
0
0
0
0
0
0
0
0
0
0
0
0
0
0
0
0
0
0
0
0
0
0
0
0
0
0
0
0
0
0
0
0
0
0
0
0
0
0
0
0
0
0
0
0
0
0
0
0
0
0
0
0
0
0
0
0
0
0
0
0
0
0
0
0
0
0
0
0
0
0
0
0
0
0
0
0
0
0
0
0
0
0
0
0
0
0
0
0
0
0
0
0
0
0
0
0
0
0
0
0
0
0
0
0
0
0
0
0
0
0
0
0
0
0
0
0
0
0
0
0
0
0
0
0
0
0
0
0
0
0
0
0
0
0
0
0
0
0
0
0
0
0
0
0
0
0
0
0
0
0
0
0
0
0
0
0
0
0
0
0
0
0
0
0
0
0
0
0
0
0
0
0
0
0
0
0
0
0
0
0
0
0
0
0
0
0
0
0
0
0
0
0
0
0
0
0
0
0
0
0
0
0
0
0
0
0
0
0
0
0
0
0
0
0
0
0
0
0
0
0
0
0
0
0
0
0
0
0
0
0
0
0
0
0
0
0
0
0
0
0
0
0
0
0
0
0
0
0
0
0
0
0
0
0
0
0
0
0
0
0
0
0
0
0
0
0
0
0
0
0
0
0
0
0
0
0
0
0
0
0
0
0
0
0
0
0
0
0
0
0
0
0
0
0
0
0
0
0
0
0
0
0
0
0
0
0
0
0
0
0
0
0
0
0
0
0
0
0
0
0
0
0
0
0
0
0
0
0
0
0
0
0
0
0
0
0
0
0
0
0
0
0
0
0
0
0
0
0
0
0
0
0
0
0
0
0
0
0
0
0
0
0
0
0
0
0
0
0
0
0
0
0
0
0
0
0
0
0
0
0
0
0
0
0
0
0
0
0
0
0
0
0
0
0
0
0
0
0
0
0
0
0
0
0
0
0
0
0
0
0
0
0
0
0
0
0
0
0
0
0
0
0
0
0
0
0
0
0
0
0
0
0
0
0
0
0
0
0
0
0
0
0
0
0
0
0
0
0
0
0
0
0
0
0
0
0
0
0
0
0
0
0
0
0
0
0
0
0
0
0
0
0
0
0
0
0
0
0
0
0
0
0
0
0
0
0
0
0
0
0
0
0
0
0
0
0
0
0
0
0
0
0
0
0
0
0
0
0
0
0
0
0
0
0
0
0
0
0
0
0
0
0
0
0
0
0
0
0
0
0
0
0
0
0
0
0
0
0
0
0
0
0
0
0
0
0
0
0
