0.658222006110785
2.07357375786512
0.825204893256994
1.1987522813054
0.896799826499884
0.944255516667658
1.39470229328785
1.36488511418899
0.719389633320164
1.0155595006118
2.54339404569632
1.08812125618239
0.779470232339947
0.905617724518587
0.615900551502421
1.896039773916
1.01855269122132
0.63601777962478
1.99330150898743
1.4042070465377
1.7648182047164
1.30593769518038
0.9587289580172
1.8900450815715
1.69139401847355
0.949838402054087
1.25485754387408
0.660699418175633
0.83575524685496
0.708827497003516
1.48293365696581
1.0721803151837
1.72477454628237
2.34411262886539
2.29555831262778
0.968988979586125
1.31095965596835
0.618995259042447
0.991517517444958
1.31597086496469
0.70219067676849
0.992182589478094
1.11677958825212
0.906289506412949
1.6386289370052
0.590432539214831
1.66860481968409
0.847200356862347
0.620395456086964
0.80337674128974
1.94978539602727
1.45873362676839
2.45253034210892
0.893318434612577
0.622583421145315
2.03286753962124
0.978665655101246
0.941338498523213
1.03634829933326
1.66284508119248
0.652914019499832
1.55269588891156
2.11704494957924
1.6072395834607
0.626877667649671
1.07432363352558
1.02997522094496
1.82757807841931
0.640532905575764
1.16497121171951
1.5061584118507
1.4360516436093
0.899384047935321
0.640804722082703
0.777064846189883
1.23616753178473
1.18922433951538
1.55270518385891
0.742610033652277
0.640540326915364
1.21947472187886
2.33064621977688
0.784626816168286
1.65679696524623
1.82585900166554
2.03018480110245
1.08447022299857
0.606907134681672
0.955962566509655
1.73728814915194
1.66250072456212
0.919839207818989
1.34997324128909
1.64712965540353
1.64855210448702
0.978597835220882
1.41013725447836
1.04881808137729
1.43117712199895
1.13844700121892
1.70679551052073
1.22141859083753
1.446429809285
1.38829779263506
1.45872897267218
2.31351233661552
0.653900222473346
0.841697787016635
2.29505205190753
1.0271984564792
1.15595879060733
1.57135614931189
1.19702472833736
1.15145817837157
0.649894371851857
1.37075203823875
1.24903737005179
0.687246343766185
1.93316725135425
2.05946892056216
0.889053926775717
1.33005430880277
1.98210895170479
1.36035428997859
1.06371771070258
0.75870057983712
0.697758900529808
0.776323555612577
0.766296511334968
2.07510031389887
1.0294086597125
0.769175736997842
1.1175542837802
0.766501397036039
0.596232073032692
1.52121300553832
0.952030394305479
0.746036910160687
0.706951276141037
2.51194037398242
0.862907180499427
1.17253730300357
0.891201469008103
1.15374281142207
0.84601158341129
1.10444338378824
1.03499859783293
0.789002483435493
1.87137155071342
1.4007687683126
0.895017823068321
1.30987796880415
1.71396757180674
2.09345519192704
1.72830665137367
0.664069860953626
1.07010447212446
0.607366272227892
0.657649530691698
0.813293416103745
0.934016454241776
1.26540707859925
0.802328819813625
0.611807262727776
1.53235578403768
2.55630409606053
0.586850688355501
1.58945826391089
1.49456308419899
1.04178715163416
1.11146890488979
1.13008496869893
1.1229156237081
1.03128519564076
0.592379444718493
0.598962701557372
0.95708320570562
1.09303158778516
1.9277760557451
1.69765575344796
1.06364542869466
1.30685301366235
1.54000006760847
1.37202628233616
0.755400447553524
0.76393472958508
0.760039108725557
1.48736752823544
1.80845489211661
1.17053093037525
1.23824899718611
1.6819328559001
1.34663675307248
0.996883260055606
0.601837829041538
1.23977720998154
0.604287508587733
0.743860644366853
0.660651231886439
0.824713774548912
0.725692770183903
2.3675708821558
0.67666870704323
1.16032079871169
1.02305617482192
0.897499293445486
2.23089670877601
0.713267448691346
0.775159953821053
0.900539415892007
1.15389991712914
1.64181059332317
0.738913605425053
0.734601072885401
1.25158205980149
1.64805512456709
0.692251096453848
0.628937894206575
0.716994191661709
1.35694086471937
1.09962000993154
2.00294519284442
1.5986858694747
0.795460853743573
0.995259100819134
1.21959845224016
0.919911596533688
1.14456376107188
1.14500956604924
0.708926068096781
1.59246050279751
1.1057642843898
1.49707937192478
1.55855701549379
1.71547470352632
0.608942935282542
1.30875209081523
1.57855490922708
1.39309448954803
0.60189758048656
1.38175776805641
1.27836666272988
1.00300663647721
2.18485142583914
1.40142334537117
1.02445632273004
1.60329379730101
0.645934881978596
0.765356513392251
1.81263031049677
1.80757162768786
0.990456263403839
0.790636403687682
1.41633097833805
1.08431088006365
0.704481637872473
0.726462730340237
1.64764255819543
1.95521293200152
1.01996080875981
0.910016104401212
1.15275703129519
2.01445583337582
0.644764532821304
1.22832672532474
1.78209832133432
1.46718536829867
1.49184285757131
0.855755010803845
0.726321032559147
1.15418123499199
1.01459486017659
1.95569595514469
0.5886316314318
0.683762843603033
0.840640964890074
1.97330942181639
1.11920134220332
1.77705917535704
0.906461300936745
1.16375732621452
1.23796922929067
0.909976782206313
0.977788336442756
1.4744671154145
1.28311341200637
1.81634369212665
1.58155002961142
1.06249659114778
1.56548414570205
0.975664534846637
1.07053860449898
1.31104007925822
0.911253758604348
1.71496896924915
1.2744782548992
0.697451124621676
1.25638481610974
1.21702824280869
1.90965167496927
0.928805935827379
0.733866863369243
1.27635490539524
0.930740396242896
0.629289953547122
0.759570475457388
1.13853578690917
1.84678645628262
0.918283287967237
0.713482599387371
0.698437906349219
1.53830150952016
0.883429702122357
1.01599833351037
2.11431994179181
1.59725172020867
1.11748757796549
2.26448251302208
1.60383636336083
1.70695100639549
0.640455989617249
2.09837191072389
1.08476487933836
0.724703278963658
0.664471489922837
0.948138931967387
1.38262109292403
1.43509833915251
1.45186676409857
1.61170339906638
1.74099826634808
1.04912664204693
1.0886571898815
1.98146735018178
0.585672493858757
0.914308663969051
1.66471441707768
0.875459986991945
0.750700875804523
0.954354868637325
1.03456821620129
1.40493633562958
0.683687626212818
1.27758955237373
0.659011739110429
1.07131317811514
0.710353840650057
1.12387864886709
1.31945863924247
1.36888063575763
2.30363299222587
1.49266870793849
1.63049070463953
0.940504217649447
0.969079929048587
0.883560608500566
2.12126120939514
1.01265720920522
0.996640879172835
0.635755448173973
1.20241621723702
0.773590200019238
0.831561632608489
1.14447798345956
0.899038569704612
1.2236296662781
0.883269160359456
1.0166174078505
1.02008092883498
1.8173833401798
1.10444934148416
0.881742662368288
0.63615683789538
0.704450587783418
1.82898824947988
2.28532849810915
0.765568610532929
0.93513380744867
1.50043754329847
1.39973434200264
1.07747933782389
0.773499094195679
0.954121671106318
0.902439188371623
0.588847413926373
0.66847176042359
1.63940704257588
0.810552891574729
1.72684606248539
0.59917405982475
1.08280340464061
0.841227928393359
1.06252446781654
0.787604089204166
2.04875959024357
1.64399539695608
0.951891955871161
1.19455638735192
2.36205321269775
1.22445900852956
1.09755568643567
0.928574645048463
1.71812996108104
1.49123026195171
2.11234529133553
0.854350207346412
0.617123980637465
1.29715678095403
0.721261460698477
0.656786413971859
1.70621338877925
0.973004845148923
1.8889767729545
0.813109818203608
1.46475169510053
1.33678765021437
0.899178534010428
2.01562283961112
0.823942806960389
1.46662597994372
0.905406962758344
0.688566888410974
1.037285030883
0.73631365010407
2.00582729040226
1.75637102821204
1.49050233060054
1.05752552121739
1.23268348792524
1.07457722968828
1.22070041006275
1.32134254656962
0.676265807571187
1.22665073680803
1.36442134845608
1.43044589116333
2.93792920752787
0.971485388725373
0.76124555915454
0.955725258555342
2.73336427647403
1.58227169539517
0.76687493965258
1.96825899520589
0.889567385084956
1.04970370845087
1.19261235494207
0.940256624864338
1.61641314414162
0.735840026994342
1.18557816345349
1.61218869721563
1.78186801793901
1.58304579632452
1.99676497951248
1.26812958799865
1.33267162999068
1.3838074474583
1.22381113357259
2.09378368398288
1.16986666407904
0.614643855670829
1.07039586238557
0.629502419690326
1.62529083850945
0.899763340814769
1.46472980698889
1.93379569836492
1.57550090698773
1.14122299531749
1.37512552450304
0.664234681796493
2.14594786668554
0.708880552781865
0.615538956167996
2.03838363218373
1.08182874173923
2.17620689471737
0.615763528182079
0.651874245603638
1.76971887082247
1.58150025801443
0.691658282078755
2.2624875032137
1.00926345376405
2.00309890517077
2.17078721757342
0.702180071814462
1.63450885470399
0.590761813060826
1.11599919585137
1.6619878427187
0.914174589711457
1.15103314310781
1.41015966570453
1.62455071262185
0.771605436911483
0.697133536715611
1.82988298298776
1.98303897667396
1.55550219907169
1.12147389000067
2.16178780690698
1.4350143068252
1.43501137843327
2.00029400456812
0.813094791573451
1.25302327018272
0.868279742379077
0.678797772990043
1.16737226582979
1.12498601164571
0.689366514218404
1.23681089154162
0.880485510804859
2.13763932692103
1.08832508285217
0.878598134124681
1.17061339561991
1.26854996764381
1.01807846999913
1.21197834565362
1.53992327585338
0.82768036443579
1.12612569605938
0.854771841936688
0.658098253274905
1.05542016306863
2.37832819193427
0.717893336115519
0.760404475085494
0.735042111575601
1.31049857250926
0.930595376873984
0.84217323500085
0.795906504755294
0.624539951501083
0.645681133290609
0.881089551698662
0.590276905676386
0.804200829445423
0.72755067507841
1.10835932560102
1.380261740306
1.63376220128752
1.24485745852554
1.67721348116727
0.724463936874816
0.592525428171121
0.751372663955056
1.24457283913346
2.52654332506769
1.71117694343101
1.78335374986935
1.48595463517363
1.09294369538535
1.52237027149926
1.13754421952034
0.867982777927539
1.00749760906272
0.992222473463772
0.653911857885849
1.55536220764755
1.44841823396154
1.42779662000568
1.06731267653705
0.592578175692083
0.850803443098126
0.927643915684762
0.683183440072787
1.06001478657038
2.1705366832579
1.78460483287264
1.12001598906197
0.827001592309572
1.13465915918003
1.07325238858149
0.681640818935078
1.07413109589462
1.28208587256506
0.990308287328981
1.16531833035987
0.828291527020321
1.57093174773372
1.51742404162583
1.10522890625162
1.11867238977123
2.39738111110992
0.846593870094493
0.991013491363275
1.30279128003563
0.615638313899711
0.716608849676167
0.746529410165908
0.918022910894975
1.02988218695574
0.920486257916431
0.946200093527984
0.881154429832014
0.879467017886851
0.956572082299333
1.14194580828718
0.891162501766238
1.09895928173525
1.48969783591183
1.85973170098911
0.661259776783342
1.04777834685933
1.25176853257023
1.15112709895306
1.07508411645156
1.47283298743705
1.233087677582
2.33621960030658
1.1701074672424
2.41246601963474
1.57262671492022
0.675669461485064
0.975884769396804
1.10330777389616
0.694129273132268
2.0162315942499
1.17713831327683
0.615795612491417
1.84638634086124
0.782435071556803
0.729616322640055
0.613039399730485
0.945821646043843
1.48103025347722
0.61110003862353
1.04548132169774
1.38708405981272
1.01051394371677
0.695253596593969
1.65005604469707
0.780998596229947
0.999823455389493
0.802536269905407
1.06105691868556
0.698823947420064
0.844310392663288
1.14088926297237
1.08819400394422
0.979740244049256
1.49972737712126
0.874690511978878
1.10560476054229
0.786841535721608
1.53997493097544
2.37365042458607
2.54201375820441
1.60725423363479
1.89588725241837
1.03761621238052
1.99109317522951
2.14642406160193
1.0742735846873
1.44952712730291
0.811772960408229
1.60741227919475
1.00281843346485
2.59164304363402
1.10311342716541
1.99215740322551
1.92184468943484
1.0890906554872
1.62655630831009
0.886845021487333
1.21933709398361
1.20068360523611
1.60034487808623
1.44605230438331
0.913211541143111
1.27890972056674
1.6851113006225
1.1109091985808
0.671245996980006
1.9630561291403
0.809518044940915
1.16677034243765
1.49287865073919
0.766367609868835
0.749908568199647
1.40920820916364
1.51851466674612
0.871244054243494
0.596036643020122
1.1444709336385
0.8898927655124
1.11113745070499
1.10042488316154
2.03126798684514
0.703445981664788
2.27760549383363
1.57585212295859
1.76421033866359
1.18877592387832
1.29751114031357
1.20466918149666
1.20598247878381
1.39122676343543
0.832697163088347
0.816583870663285
0.970433567624217
0.686352098767592
0.683365007454802
1.1024440299624
1.19048388683571
1.71810034903769
0.79782773693125
0.889536494969254
1.75900859062052
2.97927759483354
0.71911782631889
1.64672667385117
1.17608016188754
1.85550075393875
0.910333845868612
1.026705166444
0.736138938012433
0.836285595349512
0.742993405048722
1.02362980274637
0.843535131616503
0.731518022675221
1.31125704294048
1.18493757055863
1.70464888811527
1.24707214400401
1.3901495104726
0.944322040735218
0.913392468296656
1.55761677830835
1.2069378158165
0.902771168331047
0.773281011337379
0.97908340530274
1.18915621082836
1.43254657450322
1.15500829220824
1.13701607616982
1.52795364316195
2.66506010599433
1.31696521588358
1.03573487772721
0.593378082821815
1.21963980865105
0.858797542603104
1.47637482180168
1.65141642793395
0.762431535992977
0.761323180880616
2.64696535664075
0.793463748706209
1.69928250211186
1.79710639352566
1.57781784802035
0.828561611476862
1.23361691301008
0.742555267311131
0.831470499148821
1.07662785749192
0.900553942294299
1.58806581857415
1.43611849652634
0.713929558069021
2.85861496853967
1.82355966475513
1.88054450944703
0.9433013029393
1.05574990299925
0.623870697571304
1.70499167522533
0.727220061271976
1.2947871105808
1.57406116853862
0.619498813850213
0.857021590476503
0.620505333472239
1.39571503299272
1.76192566692247
1.02665424102121
0.690121734487295
0.874050853747824
0.855787537804828
2.00800880239134
1.30345689623173
1.02006063103338
1.82789385507949
2.15580674404265
0.89383885902695
0.596495567100023
1.36547622643042
1.57982625221427
1.14334106233455
1.22126823189196
0.826020259154014
1.3452249008391
0.893669095412258
1.29772828221125
0.599533325556048
1.17415137564783
0.943742305547361
1.03858675772305
1.29128594751953
1.61725589028094
1.99895894330043
1.31263398294185
1.35855273383934
0.701142297915891
0.613242281162032
2.10069637319738
2.14392977181761
2.36583168370915
1.02225287343659
0.952510149346227
0.65909125999174
1.05719157636783
2.1969876420341
0.602210117674951
0.941040438687739
1.29692438270622
0.729566188976498
1.44638374931983
1.42140329975606
0.727203861395123
2.1190237605464
0.705692809098457
1.17424022480442
1.56572627550897
1.59174007751845
1.89534721729731
0.895924136277774
1.53417468690298
1.01736693056112
1.27579269438055
0.80479433645944
0.874663798369004
0.801323325388921
0.938901734480665
1.14493442539182
1.61965231796746
1.04549034363154
1.04308156649256
1.22940673518426
0.995674108127048
1.75033335436201
0.618069405093526
0.65366277427334
1.92617641075274
1.56198126457811
0.640746949417163
0.848349739335038
0.738999767437737
0.867858886285207
2.01004162588097
1.20771296240962
0.921610454585344
0.784878822092665
1.00878899892757
0.776516112772844
1.50893808605769
2.03235309136588
0.891079420617615
0.787009070640658
2.38124895873174
1.25383269240622
1.87169953298349
2.53566135035274
0.67918409349631
1.1768559450042
1.28696275100299
0.771536649827747
1.21405544199653
0.701883732184011
0.821722167703377
1.67426927723104
1.75268117189503
2.00172313218447
2.02545714457191
1.34402360825931
1.05080346166604
0.806065763187431
1.75025853586706
1.37028142956448
1.64007864566989
1.0556000573403
1.02894485924235
2.04377815900916
0.99217181433393
1.6337839364898
0.865184769038791
1.13246621093128
1.73180324800856
1.09189868363103
1.17440556342407
1.49297783944591
1.17350968544142
1.01108346572309
1.45531400781719
0.645918030711539
1.82261853323338
0.898111302832655
1.43818192024728
1.75930624396326
1.05660152660284
1.17566997715925
1.26910315663787
1.45174898210915
0.616446760456052
1.15134942801142
1.37643095556662
2.03952788399989
1.18568111244653
0.973171287849071
1.28310054411585
0.808308352088762
1.70091180898908
1.2849437185177
1.16412409958948
0.654245604750307
1.3476388032297
0.60790960960585
0.912282672627222
1.11190983318717
0.729520546506052
0.663964379028175
0.954578200010103
0.978813995083073
1.13887629477781
0.591323834840695
0.927157492016408
1.4923514565514
1.19992791807338
0.687240917492988
1.42192418679959
0.999263443433886
0.641445679612057
0.713266536735821
1.07854865168049
0.697346383274277
1.49358037765613
0.91720257999524
0.961515665367522
1.6112921592273
1.7256769577372
1.21476072414131
2.03456208969623
0.670588430369838
0.631344482119445
0.770963731376028
2.18184677509118
0.918797454898279
2.34177284736239
0.772579199975779
1.1065059231306
2.0342726022361
1.21662379862955
0.779064754170209
0.710720425444128
0.73124409170039
0.68476770596541
0.610269535992118
0.844861601267827
1.51273350435449
1.10201985275655
1.07499643760609
1.86121669485891
1.41289636589434
1.2351693712132
0.656283250885179
0.806997348467113
0.851348139575288
1.74265233894007
0.858568833625971
1.19416692487385
1.01228400099882
1.10914169943972
0.881539410736145
0.957354442605856
0.78130392557366
0.974442581334495
0.859757272529753
1.63190455925962
2.5277742410115
0.737385032195301
1.3395683546415
0.927408065093337
0.82739008888827
1.00039811009545
1.28783290378426
0.588036416497223
1.83931519847831
1.06770688023438
0.709144544324928
0.814734668921389
1.84285312430355
1.28715965955672
1.45469480388882
0.779376711320705
0.979111974025464
1.26939405419842
1.99031360101183
0.614499525592303
1.52351134130821
1.05107048418475
1.27527634370632
1.22217357982351
1.66519989702716
2.31218940599531
0.813651864403946
1.70599966502906
0.713619704564813
1.65011401344276
1.88214445977314
0.763349003627494
1.23889502617297
1.16233200520123
1.64564180084322
1.29254187734762
1.77915195593528
1.04988971664239
0.687325359747799
1.11172948216599
1.08657633221801
1.31033772533252
1.76551228739971
1.11597668071071
0.965762494639634
0.749334823856922
1.07545067914488
0.892651098507173
1.04698144616466
0.771008290699846
1.67565704463089
1.5705877526707
2.06186497918136
0.713195010352897
0.939689696267491
1.01590067025762
1.45898905354931
1.56801210664202
1.02248860924664
1.79510935444911
1.95508084894588
0.65979355564048
0.97844382761148
1.62156192704195
1.59112199473454
1.22547988285928
1.17280164189162
0.920081644725342
0.715036599874711
1.58537412452852
1.06833950114031
2.15021181681532
0.880513266384129
0.883533359786958
1.88135739967468
0.956447737810652
2.66154144801404
0.773709863575413
0.644099418929378
0.767318360129389
1.74281748915109
1.43356115692363
0.857429028730358
1.32569246540699
0.589668607168171
1.72435750872324
0.934828516858625
2.21917414850251
0.714966266614744
1.09014634844448
1.03834231333255
0.705374515076334
1.0405037799367
1.88616429164513
0.719881891630015
1.5911143487308
1.07295013952665
1.2700696397059
1.15631381544075
1.74586698936441
1.03273207797552
1.98876417628077
1.66245306302179
0.745749563298023
1.44863842064451
1.92863683206737
1.79393172907464
2.40737312567588
1.13946759179131
1.80623398437734
1.82361163285363
2.50224770333651
1.75678050081616
1.06160803766346
1.76426015494652
0.667878225131881
1.90908726073978
1.88481497335348
1.23939082171603
0.939682696522375
0.973293795291796
1.88329171989874
0.868838061824668
2.10360578736856
0.661765489902318
1.33808898768126
0.609291643680075
1.07717870408517
1.8341837059523
1.86626664350019
1.23962615486361
0.783142548436917
1.15963596793681
2.16804294238868
1.16907874433012
2.41954479678009
1.83821640502368
0.79114055250831
0.716499666915478
1.34627620794021
1.37846185933683
0.958835261997743
0.828152587659068
1.38966064204095
0.880450322339381
1.55437077153081
2.09009353927419
2.65993617382808
1.01624646603666
1.72447680681279
2.03457848327402
0.60821136384499
0.602179042241868
2.06196736715071
2.22872346624059
2.22026041163441
2.30029974850023
1.75822178640009
0.98384293862912
0.759406884333007
1.49119085078062
0.87655052779931
2.05746287885244
1.57940473091085
1.524658512777
0.935695297104115
1.7080920716665
0.65768030468064
1.52353380154699
0.710140421453705
0.928240525841451
1.49698350620007
1.67726571407315
0.587079056637904
1.82317405449429
1.44148501215859
0.604471375806563
0.853407648379538
1.01011388826978
0.741597458675411
1.23183847147289
0.936354359522289
1.29429293262598
1.36397750961015
0.777349031031238
1.18329205489267
1.10677410003108
1.16787055927666
1.14607919393914
0.603176163884158
0.82750265124508
0.686991673797855
0.677894411342611
1.28410195466108
1.22935181613686
0.895154638709622
1.05449905685731
0.63091079288252
1.09033886801499
0.601966320094745
1.31614592802235
1.65459049035186
0.929869202621676
1.65861085543414
0.626787919650546
1.47177697218929
0.856031689851745
1.42604695520945
1.5132056722928
1.79894419260354
1.17078146677398
1.88447070001514
1.47308226800868
1.14557189414533
1.25490652844471
1.7421265296894
1.68422227084197
1.21859197180396
0.678232213427968
1.82193086263164
1.63284298052922
1.76262622822347
1.54684131070987
2.34821803930378
0.614960209705402
1.029548983527
1.66627972872437
0.620211472851946
1.34979120820707
1.21729268765304
1.01984761476037
2.1526508369775
0.964306373410254
1.01135398773844
1.51754230352585
0.968884985604567
1.29855046949508
1.26029583712462
1.27925140625402
0.595978104635857
1.21664242388189
0.587237980414793
0.860863616771035
1.55273616502577
1.05822850923928
0.886328683035998
2.15587729011965
2.00403469014039
1.96984011156641
0.921694799028891
0.928046568326037
1.09487203937951
2.18002174250202
1.10949843550933
1.50562978873671
1.26713771493696
1.05972336024839
2.31261186396741
1.56766507585503
1.53172200635361
1.08890718800619
1.49565828054314
0.940682807590066
1.5727060626446
1.35443747164431
0.620484908363584
0.885059330415821
1.44558333857131
1.48394453606029
0.678494377749941
1.37387064842904
1.20274131491661
0.65296394548051
1.47070620230612
0.928634078851338
1.62517523327206
0.754413047550489
0.8715040170144
1.71206998251213
2.59379480626332
0.985810484527577
0.61447368158699
1.01214900955391
1.22031492190919
1.05550084598602
3.24014988486427
0.947803727273383
1.03441502064011
0.982927052922457
0.89186238404069
0.61122264017632
1.06216537847727
1.1464603633922
1.15327430083391
1.48647646734842
0.790276222218702
2.13010855868221
0.656107086605694
0.723637176232187
0.923107584856734
0.726272391935184
0.833097663368301
1.05964702733034
1.42762027287031
1.65399774047413
0.788843956804352
1.66336897787883
0.946787293450935
0.911809157250943
1.20005067165643
1.03180449378612
1.25724625690397
0.72020476351646
0.986896353075344
1.02654908798856
0.873427668460013
1.55846816058761
1.08819490860726
1.35510461029126
0.756004715266706
1.66855665100416
0.976924973114356
1.46195357454881
1.37944644629756
1.16551914784907
0.783935598241737
0.699929665529091
0.688600595890074
0.683251323328193
0.90400799254728
1.40897954301797
0.84683470592477
1.00666791879797
1.66187825440497
1.15685690698353
0.848677293011371
0.8062860380706
1.08982068424192
2.16958831635875
2.51686738629806
0.689144763522732
1.21351407066814
0.597484242354163
0.952962331211115
1.65562698242325
2.39270652347669
0.872789865031387
0.947541840864161
1.31150203807902
0.822297865337806
0.602435877310684
1.29272262739489
0.987113228782374
0.93317704820292
1.03054506180538
0.617776235145838
1.10904734037755
1.28977120800181
1.63107876412319
0.585581490676336
1.37030523046216
0.889864648187063
0.591303679973986
1.21273590544496
0.826924182958075
0.626123865015544
0.754012524993712
0.633905689735445
1.93903913016175
1.38848004207998
1.29176202766605
1.03076734209204
0.962272554636889
1.54129722316199
1.30383198446647
0.798673897171852
1.35658824643482
0.856999127396226
0.897865789475591
0.766960244919601
0.761930210631139
1.33518679644663
1.29581905942154
0.794640017475702
1.98033672707618
1.52339704095228
2.37249172426611
1.04068084311434
1.7920144536301
1.43443126421092
0.706993539518173
1.1473917328174
0.714244590581931
0.943061777209754
0.913148922113477
1.33623956746416
0.918131191846521
2.17991438938952
0.921437714390851
0.719022855019693
1.35389494491052
1.32956924945227
1.64424846236436
1.62615589729621
1.64557657038105
1.54207992309337
1.0619077164182
1.4029305105845
0.731960203738469
0.912238073103301
1.01747369321958
2.12442877412552
1.7764130626733
1.99352129115776
1.51918470239999
0.824237995310512
1.73913462542457
2.13749933410001
2.53137380036708
1.15495210263205
0.77492883976495
0.680174800853997
0.86502601435333
0.829942270299991
0.999967434112881
1.33009875489402
1.35583097841108
1.46106244153419
2.31686018539844
1.16988271515854
2.40575704534647
1.08666204391211
2.29573153060133
0.93840752278291
1.06574521816527
1.85197842368658
1.00639330553698
0.837510974769839
0.833074322534415
1.4110782255146
1.49926943857143
2.24964019488878
0.951539908742836
1.74127975100866
1.69102726549842
2.06954377552851
0.807462198389776
0.774342236436954
1.27774177129032
1.45858898788233
0.609266616177793
1.61750454734669
1.63090083921684
1.77521255557492
0.839906426145534
1.90329037486073
1.10814173651956
0.951865835933761
1.86087282307169
1.52187350780051
0.922766051740359
0.646776922147106
1.21246149828523
1.09657496249822
1.95916015189494
3.0103873699614
0.687050460377523
1.74449743305346
1.30847883981016
1.42657887118227
1.17729394654648
1.5497185406106
0.844321685290127
0.993097586827858
1.65543943857972
1.36859410128518
1.71698425683606
0.891262923975077
1.22171053439773
0.637152391470321
0.651269826972785
1.28951187728349
1.81746584832495
1.01018277141433
1.47723199664219
1.38847337743639
1.25959017742333
1.38076776487554
2.44465170755771
0.627613586989286
0.637474171972242
2.541832305657
1.55988382272429
1.53983481465995
1.34755852738128
0.866158356338152
0.773715116589381
0.699959667676712
2.70202531734036
0.757143050732446
1.17086249048795
1.82172227371302
2.49171574159897
1.15441714589894
2.0423879989512
1.29547984654542
1.23413269089286
1.07423804082007
1.18272120326241
2.20780983276522
2.67930044482446
1.80575887430656
1.07288320986792
1.15824404247045
1.08601504922168
-0.756586815024077
-1.40986390545824
-0.804906642548748
-1.14306024771395
-1.59760675964472
-2.24678917062079
-0.724498329393947
-1.10460049463382
-1.47984058529977
-0.669170797457226
-0.750977643360993
-0.613865706855964
-1.13637873792003
-1.00984309486508
-0.824026064089138
-1.2138439205929
-1.30658302920442
-0.642291891582174
-3.03014165322355
-2.55365147315246
-1.40977977694934
-1.35921509577074
-1.54256007928112
-1.18742094453944
-1.01662957900802
-0.846984619379696
-0.913800239090312
-1.26675764841183
-2.155829171928
-0.693994447606641
-1.68543905639064
-1.52501776010196
-1.85149013544298
-1.39152838044241
-1.90845243222383
-1.2835399860104
-0.994813227992825
-1.05545967859686
-1.36229396789243
-0.866000929694181
-1.31692772341446
-0.886297676796873
-1.64515180663835
-0.955338350439149
-1.17644769823698
-1.41200693757076
-0.848817123753093
-0.995044395792248
-0.674700204523808
-1.13861443816618
-1.39368037083572
-2.7224760996363
-1.41478239401696
-1.40337461242164
-1.15073485007007
-0.991232781859171
-0.752186243010599
-0.711672927492359
-1.08579943166367
-1.57277751651874
-1.55948329698172
-0.646978428223505
-0.962097999205618
-1.05336797811756
-0.747641742806574
-1.11293424011134
-1.16750284074597
-1.62273383477968
-0.862803208758877
-0.652586062738018
-1.20986264868728
-1.15315321417477
-0.624987107512546
-0.600055732900189
-1.98160631645741
-1.45514385405513
-1.06423081276922
-0.935759401791881
-1.54526052471425
-2.18919118440602
-1.18031879470628
-1.54434771022593
-0.616506172609119
-0.929410541936524
-0.896291427784726
-0.800351624959874
-0.94329320889906
-1.70230174954498
-1.090540001728
-1.20027931820603
-1.23230547828322
-1.18185320572844
-1.82438065831664
-1.52424818491155
-1.71689219197915
-1.29863858019586
-0.98222596999998
-1.24912171461503
-0.722410646867614
-0.806865701227958
-0.790100983649437
-1.19616773135335
-1.04423923102437
-0.59468150264478
-0.891287439899869
-0.949129167982837
-1.05914374810628
-2.430005943245
-1.11444160265053
-0.931858183455641
-1.14020471100837
-0.58932146687853
-0.978451749118881
-1.05580509598302
-0.737921203268682
-0.732913587228591
-0.928980693958367
-0.684275162480067
-1.10008798715204
-1.49943186161747
-1.46947581102188
-1.36863500251188
-2.89148780472
-1.16556697245275
-1.0584105687757
-1.41225291368683
-0.638527904297051
-1.70998028083602
-1.66430030147571
-1.0121801241063
-0.736476314776956
-1.26846949867369
-0.920250886155394
-0.78799581766607
-1.4860436910729
-0.658236709917055
-0.623358864423635
-0.770305078117175
-1.39595096933324
-0.893717752716142
-0.639287862968814
-1.16793109590051
-0.966661087379884
-2.41734394139454
-0.724344240091589
-1.83622058522518
-1.18740045660767
-1.23820814674485
-1.37855345171934
-2.21644851198953
-1.98314917520776
-0.735065124483486
-0.750117794107666
-1.45159112376065
-1.91681368113806
-0.983570641880998
-1.04223585963835
-0.940960550750052
-2.50144782946205
-0.758299470930881
-0.636698973246923
-1.21481862360871
-1.20444824718211
-1.99426688156852
-1.90644995100106
-1.51086260886906
-0.677360853596021
-1.65259886765983
-1.0509785390326
-1.24438779450373
-1.85368165389087
-0.811115404722097
-0.806820463217087
-2.26045760761962
-1.66304563338383
-0.897568803500116
-0.943830456510968
-2.44240446226525
-0.897593673428667
-0.91755433507086
-2.20170076268629
-1.66612255292958
-1.4996576953622
-1.09527337014231
-0.947712181664873
-1.51260278109897
-1.29198439984678
-1.1282177661555
-0.761381004752862
-1.40328206946693
-1.15823875201904
-0.753133044652805
-1.73814956290427
-1.72825635967949
-1.29724966948191
-1.33440967293455
-0.882397605799655
-1.03639512132258
-0.691153306643179
-0.885806133727615
-1.01096920670884
-1.20469846207643
-0.914364573220695
-0.659030544158512
-0.768414168380215
-1.07073975474849
-0.905843512111326
-2.26468358191637
-1.50142981742133
-0.718422334655123
-1.24150706456105
-1.69670156843353
-2.4568070577031
-0.961069399781193
-0.627091930520108
-1.20402457750942
-0.622582545174559
-1.58869273952746
-0.93508111400695
-1.06650630744224
-1.84869381941722
-0.644788587827048
-1.02836651434585
-0.99218080707484
-0.593383653048254
-1.23784291220988
-1.15643295791713
-1.32397314511041
-1.61673851257997
-1.99177050863907
-1.44845120598804
-1.69466701846187
-1.87313815961721
-0.667371223505551
-0.843435047896913
-0.734136739676373
-0.702531522899816
-0.840547183809745
-0.702497022605239
-0.677748885284344
-1.55262830105412
-1.03706169212052
-0.9522330043007
-0.741537008291809
-0.900053586137176
-1.03116624018125
-0.852788638779158
-1.38856845321343
-1.0260187329315
-0.958455425548359
-1.05329646733632
-0.68382359213905
-0.799057478622372
-1.73333560711619
-1.84616972622205
-1.70299625495735
-0.877332588165157
-1.42339543990209
-1.17748056022132
-1.00113707191108
-0.756936711515673
-2.63460811188834
-1.00632854798299
-0.753029897359435
-2.3093680762826
-1.34026373644215
-0.999523343233079
-1.01338395257403
-1.54919040846167
-0.60815433863797
-1.61432060360734
-1.0790067219256
-0.627737139297603
-0.606471307238428
-0.966014105002512
-0.914585190958954
-0.929054417853037
-1.05673921392691
-1.08671386317453
-2.09982787467194
-1.00536400742036
-0.893046989107012
-1.1211774220683
-1.60112376276316
-0.860031134003356
-1.86948629090442
-2.42113359708895
-0.989818570246896
-2.32794232254576
-0.589459410904565
-1.06005941103781
-0.885242384069523
-1.26184159074015
-0.819133403796787
-1.81109615728736
-0.930992905461514
-1.27078221334019
-1.1262631917167
-1.18273992843955
-0.976137637636805
-0.91924158795371
-0.975612927994071
-1.74709470085176
-1.0095455433292
-0.60400181295235
-1.09606696853289
-0.823847608593361
-1.4418027268131
-2.16656990302169
-1.10230253146868
-1.47198804886633
-1.03682716378843
-1.90613829144049
-0.881767223901871
-1.59372497028252
-0.933521535097389
-2.06162361627617
-0.796233254875483
-1.59309278293355
-3.04613736289569
-2.0644641156271
-1.15695973919236
-0.958770581466801
-0.690224351535639
-2.21421548966208
-0.747649659729131
-1.09348385828052
-1.10564209158697
-1.07597097523651
-0.765262049607659
-1.48236794428953
-0.726258883112075
-0.684415710875297
-0.950644834451805
-2.70572729099849
-1.10893967405681
-0.888624950321117
-1.07051346907127
-0.768932574635786
-1.55971399124963
-0.812834927075958
-0.882311494302096
-1.43465250778146
-1.00656713021638
-2.19643849784148
-0.864170236171365
-1.4332734664359
-1.28132039660321
-0.778877132794003
-1.64697747161377
-1.49058469233946
-0.6107245727733
-1.41833807192008
-1.07373849931098
-0.825739664439688
-1.3398895297608
-0.816118320821254
-1.61392958737976
-1.84744491560905
-1.45248692414109
-0.796654197291879
-0.863446589166753
-1.54576019291942
-1.30559617980804
-1.90051495372316
-1.08269883524119
-0.64348549824609
-1.86952522820797
-0.667753783465187
-0.733453956670346
-0.635939458751326
-1.99616855740488
-2.1782795892437
-1.80418836371873
-1.5972327784993
-0.869940540297002
-1.03606320431184
-2.34589786415382
-0.718927250180205
-1.04981308229805
-1.0735404617933
-0.634993615614786
-0.750510091403336
-1.58424074814909
-1.35286073108898
-2.22306904042931
-1.85651637188634
-0.769950349329993
-1.00000515846259
-1.18833137278406
-1.22914382887982
-0.631604282793966
-1.28851476443642
-1.57686030432518
-1.2581846357039
-0.983569407226292
-1.16025071426823
-1.3252387957471
-0.926453376503805
-1.15607618237471
-1.1538594373121
-2.01554271797225
-2.22030215389631
-0.596290597113807
-1.41966475821397
-1.203796292506
-1.4462541770202
-1.22903366021953
-1.26212783762643
-0.790218007390256
-1.94023750943808
-0.592594782794142
-1.41188380173754
-1.54426423683316
-1.50410308190147
-0.635945697274286
-0.706003937450543
-0.701873914162374
-1.43664083292897
-0.808239607825953
-1.00317627482734
-2.05375285753623
-0.970805146870357
-1.28085822312146
-1.94783979942715
-0.731958445568128
-2.34178160158063
-1.45133622278092
-0.867512217647162
-1.1643289923443
-1.40661106202059
-1.09933337319481
-0.951752292674806
-1.36365529232862
-0.845527028235931
-1.09739867619599
-0.957029169253941
-1.27579849734991
-1.17056690515404
-1.02160310220014
-0.615317251233254
-1.37048750804799
-1.17980627628216
-1.22627470173001
-0.614310882655844
-2.10484790907914
-0.943740587532119
-0.870884973976471
-1.03098036091309
-0.823191742527586
-0.864739252154251
-1.94495927530201
-1.94871411504533
-0.772503699567891
-0.688641034155354
-1.03305903377638
-0.78207693724776
-1.32919114130018
-1.04080156458906
-1.29714883277656
-2.16814706456471
-0.730483083063115
-1.48230448249493
-1.33555342547297
-0.887252130319207
-0.738550538881104
-1.03537821860755
-0.69918196848164
-2.04750479783162
-0.660749900295325
-1.09759577169878
-1.36310973372495
-1.58777885281261
-0.956057550341915
-1.03547657770079
-0.86990646775882
-1.33412660153681
-0.60996518120317
-0.939894554388835
-1.59821599465236
-1.9720027505515
-2.53342072687446
-2.92902481499789
-1.51965016835392
-0.957347445814803
-0.850750835040578
-0.761203615216374
-1.46947412608565
-0.805182187395126
-0.634923551859746
-0.679962834179184
-1.30751470455159
-2.07996750250589
-1.19292331792071
-1.63034952153001
-1.35966487132036
-2.03328389429976
-0.885828215832582
-0.898535671057059
-1.23849640541801
-1.41354044770162
-1.10113432252794
-0.667147532327568
-1.14714955798398
-0.713056137260883
-1.83692767165453
-0.999949092237175
-0.73244336580889
-1.83951260731057
-0.826612401403709
-2.56097464542844
-0.88228817605737
-1.10508374589958
-1.50358780238813
-1.82244896746666
-0.594574638036325
-1.78190383667554
-1.15800446219142
-1.36646952547645
-1.11396667472418
-0.688434652107202
-0.863252881606551
-2.23760975542021
-1.17825147308412
-1.03490918793313
-1.52751149304248
-0.671003510262633
-1.54605555592746
-1.10792443223066
-0.618512541476895
-1.12301952726927
-1.05131189762935
-0.840644213922734
-0.774017014357664
-1.44541111495118
-2.402868359282
-1.16122345052392
-0.833226789425926
-1.53788243685249
-1.99732571796822
-0.774050301061947
-0.969202039154982
-0.863673311601519
-0.910973408863885
-0.703754927409688
-1.43289529362292
-0.870745650548204
-1.10058407913769
-0.701922753606228
-1.32783693856545
-0.706438274373847
-1.69831054400932
-1.74063694098348
-1.0529135734203
-0.650132720713622
-1.48950323538625
-1.28310238207746
-0.941492135920172
-0.821254447240142
-1.15851721747476
-1.03192420416098
-1.26508463494496
-0.69410680017964
-0.741652583925552
-0.808785138115472
-0.689541093591662
-0.879688389255641
-0.63721117861888
-1.63740209491628
-1.27324696742904
-1.94998375275642
-1.4711300135655
-1.53026501769097
-1.11080980157316
-0.676046157149033
-1.84859984261451
-0.90410993414725
-1.17552215328244
-1.73546891268825
-1.68109960815091
-1.24757863867076
-1.32570381054188
-0.744005932885797
-2.17523716950394
-1.16438609343394
-2.00070781638691
-1.48510944144496
-0.99368967602717
-1.05792225429318
-1.12903473555449
-2.15138043720914
-1.1834345248538
-0.827588304841795
-1.03638927545341
-1.16671198403628
-1.06633973555147
-2.48170798445544
-2.26603038942841
-0.808105918368872
-0.600383304154422
-1.42123870462633
-1.29794829674829
-1.59389636430097
-0.797827314253545
-0.982400945907985
-0.693650080330956
-2.23746123526716
-0.937694351330799
-0.785545602526126
-0.898632133502198
-0.766941302354853
-1.13834471284206
-2.73457203454893
-1.42742486653918
-0.855103712480209
-0.761030867911075
-0.778306395074568
-0.916473154025663
-1.00380674382095
-1.71143608685512
-1.1548056789099
-0.614690875444819
-0.822881806541235
-1.22609474792367
-1.41644989152961
-1.13424998864228
-0.94186811407168
-1.14399288967839
-1.32139072882507
-0.819890844443508
-1.53531488754539
-1.00373305448827
-1.93547004602527
-0.830289370886829
-1.0228917156265
-0.624742593163254
-0.99246872482729
-1.08023636996392
-1.62991835106161
-1.59049110044081
-0.930955266116594
-0.853621560663446
-1.07983219463341
-2.21611884485752
-0.861973830412473
-1.32730251918222
-1.55575909261028
-0.882856682271146
-0.962949589173139
-0.738568696535531
-1.00054221817571
-0.598042971826845
-0.762603440693359
-0.825914703781498
-1.68633419205067
-1.69333070733215
-2.41184191044712
-1.31712203138117
-1.20403694758011
-1.07423334610455
-0.799947600406017
-1.3458411783243
-0.816556114392601
-1.78278803038626
-1.35040504916963
-1.13399094071013
-1.85906267540214
-0.765732840968862
-1.32982469883688
-2.40568559640776
-0.656062378052502
-0.709303329956134
-0.739169320741552
-0.876363757312008
-1.12664516160705
-0.763746281545104
-1.47043934639007
-0.854832381604729
-0.805261604852561
-0.620197148440019
-1.17838552676756
-1.80326291709731
-0.896767369695666
-0.765908628206609
-2.00683908962759
-1.07040537958016
-1.06739795639452
-0.844718654388511
-0.974830963992699
-0.803377021533218
-0.860436055918604
-1.12427231517302
-1.94452164872211
-1.34111377486007
-0.880029224363271
-1.17948035656749
-0.737346575720233
-1.01113830265405
-2.01835007815734
-1.05387014772114
-1.47886364883811
-0.596955423671881
-1.10817001806568
-1.8985829086064
-0.827571217075244
-1.09288148342769
-1.40628763733472
-1.02644551759905
-0.651987998239456
-1.73016484262696
-1.34701335792934
-0.728931729176637
-1.53506587054873
-1.35745581904195
-1.13376107432344
-1.98781007473762
-0.758307557637244
-1.37998413937866
-1.05281409682194
-0.663093591382956
-0.636697916142255
-0.590492527847211
-1.55424292374804
-1.41933910996531
-0.702162879224195
-1.83354889588944
-1.05397276618447
-2.12205249039852
-0.903180210695298
-1.40840609345284
-0.685977666575951
-1.03463565292677
-0.937536028336652
-2.19822521940884
-1.93500027479441
-1.62059534212201
-1.4919044570571
-2.69438109797782
-1.19884127617471
-0.957927798766738
-0.667570074370928
-1.34878742897317
-0.806141947148843
-0.773053716426547
-1.3793310302417
-1.37809059064605
-1.20981341911573
-0.893175524466063
-0.992597095246549
-1.21803414794902
-0.645065629218593
-1.46212198405325
-1.04765146380976
-1.63651167377266
-1.0517534418803
-1.11192887870297
-1.28377276053597
-0.978958220684145
-0.866803686664144
-1.81103957071751
-1.22782807147612
-1.34185932830113
-1.19322106273031
-0.993530962144148
-1.98263906055564
-0.60964010290193
-1.84250389134404
-1.37081123677171
-1.36787516891119
-1.14497249317473
-2.16254525846963
-0.629173706238329
-0.645877584355276
-1.21875208572513
-1.0170840444758
-1.56517448766884
-1.27982509150598
-0.734012128012639
-1.10595051074257
-0.923711657321849
-0.941186130578029
-1.86929784824336
-1.83410162008761
-1.10175856650105
-1.0454571852494
-0.861052698795386
-2.60139914551617
-1.50902590303039
-1.28750966955871
-1.22582478546048
-2.12048276474058
-0.766967591556306
-1.00655117555571
-0.752421805751071
-0.591127128856783
-2.24025005320216
-0.810201600515755
-1.22362977101395
-1.60672192528778
-1.24797908167833
-1.46505536818397
-0.884893417454529
-0.963126488482687
-1.62506509854618
-1.59297376234798
-0.670825677900957
-1.29469714134102
-1.4167102357583
-0.834772996611188
-1.18349863766789
-2.68438511105405
-1.41061870654545
-1.40389687800091
-1.58414783753609
-1.90047733926554
-1.0061055700498
-0.654902286871425
-0.944291589015265
-0.790009116995078
-1.32139463236336
-1.18056926274838
-1.20198930023637
-1.15506355755136
-1.01375387756587
-1.37656417772721
-0.933761632802637
-1.73219203724941
-0.705192884771404
-0.845072560484594
-1.13602525883082
-1.27248046458389
-1.59515835907701
-1.60789385427954
-0.67975890652237
-1.18482933885757
-1.14816898377122
-1.0037395682351
-1.39260334731238
-1.20804923629844
-0.609746910655669
-1.40660061111698
-0.906505752092408
-0.613897555964249
-0.791769192775315
-1.04559135328087
-1.34113723770113
-2.01086715276196
-1.36642324267483
-1.48802313340375
-1.65424149328949
-1.50014755252277
-1.78319284263548
-0.867382824066964
-1.37523981397455
-0.882061601697983
-0.932901091706805
-1.41647575506418
-0.901878291297722
-1.33716859028497
-0.754259779031749
-1.01772773826273
-0.968693618985161
-0.955710863612044
-0.661402143550778
-0.869277202682816
-1.55545944942882
-0.621145455218434
-0.902738152207099
-0.596993543561136
-1.6921445105784
-1.23087361231771
-1.40133669109915
-1.26796930639224
-1.29311500069511
-1.73886622439362
-1.44905506899399
-1.75384226766946
-1.51787511443547
-0.620718637115972
-0.842796077915384
-1.09509889579599
-1.59961733989872
-0.648392397524329
-0.79104297322984
-1.67035380308697
-1.07229095754855
-0.694993358476718
-1.56381376256019
-1.25422844172876
-1.3232032291533
-1.86727079750125
-1.00119671178736
-1.10398287706211
-0.825051490988754
-1.24996731489973
-1.39214029585686
-0.6376254111435
-0.640185857894577
-0.659950698763138
-1.21277730542734
-0.874050184067102
-0.989199005011136
-1.58922848195984
-1.49573749408928
-1.33251717272149
-0.988276342852237
-0.747076978379505
-2.00712381390951
-1.3541560358292
-0.871494385110961
-2.10895740396902
-0.640654801446161
-0.615883280858956
-1.49394395674349
-1.14814050661812
-1.5708965685956
-0.718688537180852
-1.20205016647277
-1.57678132990971
-1.11903572503392
-2.71817053262009
-1.38575381185211
-0.852407123628452
-1.71781983962746
-2.08099368357844
-1.13801583480461
-0.787677598662477
-0.7406782046392
-2.36229375355454
-1.03357857410337
-1.61344921343538
-1.23778489857244
-0.664248149016562
-1.04815307438156
-1.19309811445972
-1.65876162097509
-0.915974545127543
-1.16648259678328
-1.98672337689377
-0.614548235074927
-1.0841445540517
-1.54969841938914
-1.08612296843959
-1.08386678914232
-0.880152188259819
-1.87967533222443
-0.873761025595797
-0.591996024740635
-1.13276588120839
-0.77462951096425
-1.04040194505838
-0.904019437503043
-1.5958231171981
-0.603384300439762
-0.701769502525264
-1.18457281850445
-0.600766979157517
-0.756288870826505
-2.35021534487287
-2.58046440980833
-1.23199754114897
-0.77582263280051
-0.98048363234681
-0.864289794062622
-0.630699268650403
-1.42069891349754
-0.619819901973968
-0.886581097822782
-0.798074954919466
-0.75593530288157
-1.49794513890163
-1.74849152450193
-1.38957558578201
-0.778281835089056
-0.998323295616317
-0.675948039356414
-0.701076800875608
-0.834778094309267
-1.09404948212968
-1.34442860730655
-1.14923186398723
-1.01899222323606
-0.717441840494063
-1.11168202562462
-0.866956111691875
-1.13295670148763
-1.42101802701851
-1.40881026452016
-1.89078897093865
-1.66246121073897
-1.14454039849811
-1.20139101849483
-2.3327979978005
-1.11214793798583
-1.49816650469588
-1.27799031110226
-1.37243902391959
-1.37959729261439
-1.56636667052834
-0.624005777327954
-1.70439265782207
-2.09905487374814
-1.39467585401823
-2.09411496116788
-1.15159375173024
-1.59900685454251
-1.06563567183028
-0.65848831261552
-2.0804455899309
-0.994100109465725
-0.663020839813101
-0.722440074889506
-0.718920748987778
-0.905438875774757
-0.877985067640666
-0.694772774263364
-1.68723661709538
-1.22401277937704
-0.967557723929601
-1.86688819967795
-1.28118325437839
-1.03906271123881
-0.91687756186315
-0.880040561880875
-0.594450903212803
-0.862097083470535
-0.590032061588499
-1.31735224485471
-0.909725670935831
-1.53196750828303
-1.66650370344359
-1.059224298457
-1.11045366066709
-0.726803103781472
-1.55927315770581
-0.950984626844264
-0.803350630643984
-0.628798008315272
-1.28315739893046
-2.08652581766209
-2.31429812322968
-1.26127980617981
-1.45701240014575
-2.23121963996889
-0.755710757583193
-1.24216577715145
-2.23458457292556
-2.18300178303294
-1.00250622274645
-1.25252305093387
-1.44598645893113
-2.57460133596726
-1.14617520056019
-0.717849314912903
-0.727735807203114
-0.974414184295681
-1.64017398706957
-2.09229634089247
-0.669611517903742
-1.4145615062859
-1.68711207050898
-0.601459576916458
-1.51603338965622
-1.1564824331294
-0.881813361827324
-0.893510300160888
-1.97113744607219
-1.40847880024974
-1.6480148583868
-0.722650951702817
-1.27629773004841
-0.666317660773845
-2.55323194113637
-0.782177874613315
-1.06909164982299
-1.04263652978723
-1.18038612419187
-1.0506814237811
-1.21620558408096
-1.31852118791679
-1.24686888197909
-2.20874280708884
-0.758305044100067
-1.79428753288613
-1.03881483205444
-1.5431996547775
-0.941064937118915
-1.90626293138759
-0.676907048272502
-1.17145327985433
-0.767907178094977
-2.06231517840094
-1.66103057281622
-1.21455129092282
-0.656203222697223
-0.634131591607613
-0.635600012142169
-1.15074980944105
-0.812650669044713
-0.866913551633889
-1.47175737912546
-1.09421417836752
-0.781886200763995
-1.46509856483359
-1.26467642284657
-1.17885933344126
-0.827423072886268
-2.92787007962463
-0.833083161815735
-1.72837414909552
-1.38485389516149
-1.43512363602082
-2.2886501918304
-2.49680146271502
-0.624905980309463
-1.49780333748266
-1.06028669987227
-1.63901416124937
-2.02410355835505
-1.29775043910562
-1.42279260761294
-1.35044128775237
-0.73980361502297
-0.77978509445413
-0.727036010160015
-1.73148988502793
-1.13283709639253
-1.17020946936138
-0.708107734241273
-1.4216158958177
-1.2936255906986
-0.597479333470233
-0.957843918202028
-0.668089342191268
-1.10834497205922
-0.713035686267061
-1.44273515098288
-0.66786490138701
-0.91636833023991
-0.657123097004969
-1.3549890970894
-1.1833412158746
-2.25396290391919
-1.20219640508079
-1.36045583139226
-0.943372010423589
-1.06029725045116
-0.962736640930698
-0.968793781517945
-1.99553474700029
-1.57545134858449
-0.759272590863072
-1.01830433384992
-0.84481025564359
-0.606301699036116
-0.585237955604915
-0.715551869333567
-1.03396583123543
-0.717411683980167
-1.87141624459746
-1.36719016371896
-1.4435545448077
-0.939429694097331
-2.14333633413927
-1.89039349557807
-0.764021600207426
-1.01906149734762
-1.28976891303884
-1.49351019460178
-1.81777765944648
-1.05978983648556
-1.55378160090252
-1.0251570872372
-0.651648926178283
-1.35294909994826
-1.69345360943335
-1.26200385034902
-1.17087828182841
-1.16787723651946
-2.26521115576649
-1.00496652703454
-2.15586308768207
-0.596787818994207
-2.07164054663389
-1.78635395624748
-2.02452322314637
-1.627437258692
-1.30785170649831
-0.962241314968175
-1.3732097395881
-0.634661637753024
-0.699316955084192
-1.19516681569527
-0.810654170343091
-1.41316343097158
-1.10674817750044
-1.19507833984603
-0.656191708848983
-1.17341470455904
-0.874046727893839
-1.72305671836364
-1.8528778835566
-2.32124206220099
-0.638881921912855
-0.649641132869757
-1.57382899968163
-1.18306828386986
-0.901581311402466
-1.34059643498319
-1.85092248333493
-1.37881229260668
-0.623096837428202
-1.47593515877017
-0.651446711190629
-1.77007797679322
-1.62673794227891
-1.00396475016713
-0.84177008613002
-1.75513897458021
-1.42184999949064
-2.34712515956453
-1.73311405935103
-0.629527739617279
-1.27477932678354
-1.14128536660547
-1.12537274835847
-2.1763602413765
-1.37860461985151
-0.85717170396947
-2.580976767028
-0.919592854375669
-1.43660194653703
-1.35246808225253
-1.69908063928203
-0.86967325273447
-1.42616583726669
-1.3828317321161
-1.38393090710719
-1.43128469715548
-1.06207688287135
-0.665061611398635
-0.772845220876495
-1.99014550082889
-0.73656425727533
-1.31965952170168
-1.04957164671108
-0.608585185484488
-0.93494545655435
-1.19922097777738
-1.54996742623309
-0.717826204009685
-0.837199670789642
-0.679741184289634
-1.33799810470242
-1.25525230384315
-1.42368281688388
-1.91537230975763
-1.80483952955285
-0.592091107189135
-1.284304448896
-1.570113695861
-1.72220682720567
-2.04460162035166
-1.94280753326921
-0.716320114748747
-1.25654516010203
-1.56398142425278
-1.5637479697713
-1.13054021897816
-1.97629939909151
-1.10398290362845
-0.835783658238388
-2.38388224280594
-1.78134679284402
-0.762078300212093
-0.91493363755847
-1.89367740372786
-0.5966900460756
-0.813883610570419
-0.845889644771496
-1.46784363990816
-0.960508356254585
-1.0559618423155
-0.599013894759861
-1.0170691324278
-1.57705465366143
-1.03356030050413
-1.39867263050085
-0.746883648534886
-2.06241639181518
-1.30328549843735
-0.958884253316317
-0.702312448668685
-0.855906377704103
-0.99392996421886
-1.2554672896509
-1.03331111559217
-0.797500174061667
-1.05994435727967
-1.30018279511973
-1.5726593779044
-1.52750511257794
-0.943183822935145
-0.614840199729184
-1.03934505589438
-0.8824194064855
-1.09062478364128
-1.85113995202232
-1.76233603022189
-1.24365649061058
-1.33659683016336
-0.864144555623553
-1.54298869541287
-1.43939958606231
-1.74276918877148
-1.43260136083533
-1.19308421613642
-0.89663584621318
-0.956855777377449
-0.756407591736324
-1.37701572009365
-0.703417529647875
-1.20892882600865
-0.736817549524356
-0.867373981809974
-1.5775280090516
-0.646747777830421
-1.32623046171486
-0.631307533309591
-0.905725483118525
-1.57380042804351
-0.732617997968376
-1.1186999387735
-1.09949453596837
-0.681932358938252
-0.723015259288576
-1.22329344573574
-0.621092121734951
-0.981421322999724
-0.878813987439087
-0.700751198541514
-0.952946297715551
-1.46134347405629
-0.637191506196693
-0.891551941783358
-0.614058753587259
-0.882601592202454
-0.691934672190181
-1.01850689625402
-0.798342739393229
-2.04475217077111
-0.776448598261438
-1.59608186606457
-0.722088696252785
-1.12058234728679
-1.05644001865223
-1.20421399967267
-0.982867059253005
-1.68424561403738
-1.50673715094644
-0.650747889931788
-1.29773175645244
-0.636713802458786
-1.04459379987178
-0.690277756579726
-1.83326135004874
-0.848147774104394
-1.00147608718335
-1.76753624008271
-0.629565199978714
-1.90587466430288
-1.99182487331341
-0.876800726196204
-1.80215857446961
-1.46599418651618
-0.83312084536684
-0.982075074476638
-1.46341412084925
-1.65962374160211
-2.49946946909919
-0.995231101818351
-0.925355351753635
-0.74659076590196
-0.657370820130936
-1.41531468356362
-1.79793823366594
-0.706388730656297
-1.35050070149645
-0.89149267197915
-0.636252827228771
-1.83888455519953
-1.41635666966781
-1.22804706744121
-0.724060799203835
-1.35276657812049
-0.640562445478552
-1.3471305762005
-1.75491689652951
-0.919409131639203
-0.981226072203702
-1.30367628912906
-1.04168438522017
-2.4657616991207
-2.62540078178797
-1.27837156927688
-1.42031868722657
-1.3563698097392
-1.91287782328883
-0.695950645631528
-1.9609827844054
-0.805340647123935
-1.18467514650553
-2.10433436648787
-0.681239375802037
-2.25405275648705
-0.70192952536445
-1.2033277371574
-1.88160957726798
-1.71233282035763
-0.738533617595786
-1.19801574164928
-0.876839636806258
-1.30599450701472
-0.90472044070126
-3.17210653417272
-1.39117964424856
-1.43946240177858
-0.697597978024986
-0.627258823423993
-0.835642391790657
-0.684478654507966
-0.94599788654297
-1.62840249412207
-1.2885986027161
-1.28733826728143
-1.92545331343905
-2.92603965451712
-1.2492734885772
-1.87183194990311
-1.54730662406542
-1.25640074279265
-1.10305068269891
-1.19367249374945
-2.07240325785944
-1.73684001605777
-1.28246316182698
-0.751791076454118
-1.18805737947411
-1.44103983604545
-0.920088391821154
-1.98438523449277
-0.877873365264849
-0.692135614195304
-1.11710377259707
-1.53842237743141
-1.61870696487938
-2.26024794200627
-1.03562217240341
-0.816121868991562
-1.66154312397017
-0.656336497718389
-0.625807829620854
-1.51683906005185
-0.660597170673406
-2.35820722028473
-0.606731491408684
-0.665437715462026
-1.38462118399026
-1.0379396002452
-1.89162840550586
-1.43301511054277
-0.61284752811448
-1.00747649585505
-1.42492260189412
-1.07603994181517
-0.934811072328839
-1.57569812223782
-2.01058349736367
-0.873654487696594
-0.736211997951554
-1.51413024264381
-0.650567273774214
-0.882630008864151
-0.946434651267441
-1.24649686464668
-1.55352633678668
-0.661542181559625
-0.686095513046925
-1.17070554309377
-0.620311594645526
-0.649762528937335
-0.706720028895375
-0.779426211021401
-1.33201426768914
-0.751948914081013
-0.841717330511758
-1.7928054646093
-1.52269583402162
-1.19555351688827
-0.817652144513831
0
0
0
0
0
0
0
0
0
0
0
0
0
0
0
0
0
0
0
0
0
0
0
0
0
0
0
0
0
0
0
0
0
0
0
0
0
0
0
0
0
0
0
0
0
0
0
0
0
0
0
0
0
0
0
0
0
0
0
0
0
0
0
0
0
0
0
0
0
0
0
0
0
0
0
0
0
0
0
0
0
0
0
0
0
0
0
0
0
0
0
0
0
0
0
0
0
0
0
0
0
0
0
0
0
0
0
0
0
0
0
0
0
0
0
0
0
0
0
0
0
0
0
0
0
0
0
0
0
0
0
0
0
0
0
0
0
0
0
0
0
0
0
0
0
0
0
0
0
0
0
0
0
0
0
0
0
0
0
0
0
0
0
0
0
0
0
0
0
0
0
0
0
0
0
0
0
0
0
0
0
0
0
0
0
0
0
0
0
0
0
0
0
0
0
0
0
0
0
0
0
0
0
0
0
0
0
0
0
0
0
0
0
0
0
0
0
0
0
0
0
0
0
0
0
0
0
0
0
0
0
0
0
0
0
0
0
0
0
0
0
0
0
0
0
0
0
0
0
0
0
0
0
0
0
0
0
0
0
0
0
0
0
0
0
0
0
0
0
0
0
0
0
0
0
0
0
0
0
0
0
0
0
0
0
0
0
0
0
0
0
0
0
0
0
0
0
0
0
0
0
0
0
0
0
0
0
0
0
0
0
0
0
0
0
0
0
0
0
0
0
0
0
0
0
0
0
0
0
0
0
0
0
0
0
0
0
0
0
0
0
0
0
0
0
0
0
0
0
0
0
0
0
0
0
0
0
0
0
0
0
0
0
0
0
0
0
0
0
0
0
0
0
0
0
0
0
0
0
0
0
0
0
0
0
0
0
0
0
0
0
0
0
0
0
0
0
0
0
0
0
0
0
0
0
0
0
0
0
0
0
0
0
0
0
0
0
0
0
0
0
0
0
0
0
0
0
0
0
0
0
0
0
0
0
0
0
0
0
0
0
0
0
0
0
0
0
0
0
0
0
0
0
0
0
0
0
0
0
0
0
0
0
0
0
0
0
0
0
0
0
0
0
0
0
0
0
0
0
0
0
0
0
0
0
0
0
0
0
0
0
0
0
0
0
0
0
0
0
0
0
0
0
0
0
0
0
0
0
0
0
0
0
0
0
0
0
0
0
0
0
0
0
0
0
0
0
0
0
0
0
0
0
0
0
0
0
0
0
0
0
0
0
0
0
0
0
0
0
0
0
0
0
0
0
0
0
0
0
0
0
0
0
0
0
0
0
0
0
0
0
0
0
0
0
0
0
0
0
0
0
0
0
0
0
0
0
0
0
0
0
0
0
0
0
0
0
0
0
0
0
0
0
0
0
0
0
0
0
0
0
0
0
0
0
0
0
0
0
0
0
0
0
0
0
0
0
0
0
0
0
0
0
0
0
0
0
0
0
0
0
0
0
0
0
0
0
0
0
0
0
0
0
0
0
0
0
0
0
0
0
0
0
0
0
0
0
0
0
0
0
0
0
0
0
0
0
0
0
0
0
0
0
0
0
0
0
0
0
0
0
0
0
0
0
0
0
0
0
0
0
0
0
0
0
0
0
0
0
0
0
0
0
0
0
0
0
0
0
0
0
0
0
0
0
0
0
0
0
0
0
0
0
0
0
0
0
0
0
0
0
0
0
0
0
0
0
0
0
0
0
0
0
0
0
0
0
0
0
0
0
0
0
0
0
0
0
0
0
0
0
0
0
0
0
0
0
0
0
0
0
0
0
0
0
0
0
0
0
0
0
0
0
0
0
0
0
0
0
0
0
0
0
0
0
0
0
0
0
0
0
0
0
0
0
0
0
0
0
0
0
0
0
0
0
0
0
0
0
0
0
0
0
0
0
0
0
0
0
0
0
0
0
0
0
0
0
0
0
0
0
0
0
0
0
0
0
0
0
0
0
0
0
0
0
0
0
0
0
0
0
0
0
0
0
0
0
0
0
0
0
0
0
0
0
0
0
0
0
0
0
0
0
0
0
0
0
0
0
0
0
0
0
0
0
0
0
0
0
0
0
0
0
0
0
0
0
0
0
0
0
0
0
0
0
0
0
0
0
0
0
0
0
0
0
0
0
0
0
0
0
0
0
0
0
0
0
0
0
0
0
0
0
0
0
0
0
0
0
0
0
0
0
0
0
0
0
0
0
0
0
0
0
0
0
0
0
0
0
0
0
0
0
0
0
0
0
0
0
0
0
0
0
0
0
0
0
0
0
0
0
0
0
0
0
0
0
0
0
0
0
0
0
0
0
0
0
0
0
0
0
0
0
0
0
0
0
0
0
0
0
0
0
0
0
0
0
0
0
0
0
0
0
0
0
0
0
0
0
0
0
0
0
0
0
0
0
0
0
0
0
0
0
0
0
0
0
0
0
0
0
0
0
0
0
0
0
0
0
0
0
0
0
0
0
0
0
0
0
0
0
0
0
0
0
0
0
0
0
0
0
0
0
0
0
0
0
0
0
0
0
0
0
0
0
0
0
0
0
0
0
0
0
0
0
0
0
0
0
0
0
0
0
0
0
0
0
0
0
0
0
0
0
0
0
0
0
0
0
0
0
0
0
0
0
0
0
0
0
0
0
0
0
0
0
0
0
0
0
0
0
0
0
0
0
0
0
0
0
0
0
0
0
0
0
0
0
0
0
0
0
0
0
0
0
0
0
0
0
0
0
0
0
0
0
0
0
0
0
0
0
0
0
0
0
0
0
0
0
0
0
0
0
0
0
0
0
0
0
0
0
0
0
0
0
0
0
0
0
0
0
0
0
0
0
0
0
0
0
0
0
0
0
0
0
0
0
0
0
0
0
0
0
0
0
0
0
0
0
0
0
0
0
0
0
0
0
0
0
0
0
0
0
0
0
0
0
0
0
0
0
0
0
0
0
0
0
0
0
0
0
0
0
0
0
0
0
0
0
0
0
0
0
0
0
0
0
0
0
0
0
0
0
0
0
0
0
0
0
0
0
0
0
0
0
0
0
0
0
0
0
0
0
0
0
0
0
0
0
0
0
0
0
0
0
0
0
0
0
0
0
0
0
0
0
0
0
0
0
0
0
0
0
0
0
0
0
0
0
0
0
0
0
0
0
0
0
0
0
0
0
0
0
0
0
0
0
0
0
0
0
0
0
0
0
0
0
0
0
0
0
0
0
0
0
0
0
0
0
0
0
0
0
0
0
0
0
0
0
0
0
0
0
0
0
0
0
0
0
0
0
0
0
0
0
0
0
0
0
0
0
0
0
0
0
0
0
0
0
0
0
0
0
0
0
0
0
0
0
0
0
0
0
0
0
0
0
0
0
0
0
0
0
0
0
0
0
0
0
0
0
0
0
0
0
0
0
0
0
0
0
0
0
0
0
0
0
0
0
0
0
0
0
0
0
0
0
0
0
0
0
0
0
0
0
0
0
0
0
0
0
0
0
0
0
0
0
0
0
0
0
0
0
0
0
0
0
0
0
0
0
0
0
0
0
0
0
0
0
0
0
0
0
0
0
0
0
0
0
0
0
0
0
0
0
0
0
0
0
0
0
0
0
0
0
0
0
0
0
0
0
0
0
0
0
0
0
0
0
0
0
0
0
0
0
0
0
0
0
0
0
0
0
0
0
0
0
0
0
0
0
0
0
0
0
0
0
0
0
0
0
0
0
0
0
0
0
0
0
0
0
0
0
0
0
0
0
0
0
0
0
0
0
0
0
0
0
0
0
0
0
0
0
0
0
0
0
0
0
0
0
0
0
0
0
0
0
0
0
0
0
0
0
0
0
0
0
0
0
0
0
0
0
0
0
0
0
0
0
0
0
0
0
0
0
0
0
0
0
0
0
0
0
0
0
0
0
0
0
0
0
0
0
0
0
0
0
0
0
0
0
0
0
0
0
0
0
0
0
0
0
0
0
0
0
0
0
0
0
0
0
0
0
0
0
0
0
0
0
0
0
0
0
0
0
0
0
0
0
0
0
0
0
0
0
0
0
0
0
0
0
0
0
0
0
0
0
0
0
0
0
0
0
0
0
0
0
0
0
0
0
0
0
0
0
0
0
0
0
0
0
0
0
0
0
0
0
0
0
0
0
0
0
0
0
0
0
0
0
0
0
0
0
0
0
0
0
0
0
0
0
0
0
0
0
0
0
0
0
0
0
0
0
0
0
0
0
0
0
0
0
0
0
0
0
0
0
0
0
0
0
0
0
0
0
0
0
0
0
0
0
0
0
0
0
0
0
0
0
0
0
0
0
0
0
0
0
0
0
0
0
0
0
0
0
0
0
0
0
0
0
0
0
0
0
0
0
0
0
0
0
0
0
0
0
0
0
0
0
0
0
0
0
0
0
0
0
0
0
0
0
0
0
0
0
0
0
0
0
0
0
0
0
0
0
0
0
0
0
0
0
0
0
0
0
0
0
0
0
0
0
0
0
0
0
0
0
0
0
0
0
0
0
0
0
0
0
0
0
0
0
0
0
0
0
0
0
0
0
0
0
0
0
0
0
0
0
0
0
0
0
0
0
0
0
0
0
0
0
0
0
0
0
0
0
0
0
0
0
0
0
0
0
0
0
0
0
0
0
0
0
0
0
0
0
0
0
0
0
0
0
0
0
0
0
0
0
0
0
0
0
0
0
0
0
0
0
0
0
0
0
0
0
0
0
0
0
0
0
0
0
0
0
0
0
0
0
0
0
0
0
0
0
0
0
0
0
0
0
0
0
0
0
0
0
0
0
0
0
0
0
0
0
0
0
0
0
0
0
0
0
0
0
0
0
0
0
0
0
0
0
0
0
0
0
0
0
0
0
0
0
0
0
0
0
0
0
0
0
0
0
0
0
0
0
0
0
0
0
0
0
0
0
0
0
0
0
0
0
0
0
0
0
0
0
0
0
0
0
0
0
0
0
0
0
0
0
0
0
0
0
0
0
0
0
0
0
0
0
0
0
0
0
0
0
0
0
0
0
0
0
0
0
0
0
0
0
0
0
0
0
0
0
0
0
0
0
0
0
0
0
0
0
0
0
0
0
0
0
0
0
0
0
0
0
0
0
0
0
0
0
0
0
0
0
0
0
0
0
0
0
0
0
0
0
0
0
0
0
0
0
0
0
0
0
0
0
0
0
0
0
0
0
0
0
0
0
0
0
0
0
0
0
0
0
0
0
0
0
0
0
0
0
0
0
0
0
0
0
0
0
0
0
0
0
0
0
0
0
0
0
0
0
0
0
0
0
0
0
0
0
0
0
0
0
0
0
0
0
0
0
0
0
0
0
0
0
0
0
0
0
0
0
0
0
0
0
0
0
0
0
0
0
0
0
0
0
0
0
0
0
0
0
0
0
0
0
0
0
0
0
0
0
0
0
0
0
0
0
0
0
0
0
0
0
0
0
0
0
0
0
0
0
0
0
0
0
0
0
0
0
0
0
0
0
0
0
0
0
0
0
0
0
0
0
0
0
0
0
0
0
0
0
0
0
0
0
0
0
0
0
0
0
0
0
0
0
0
0
0
0
0
0
0
0
0
0
0
0
0
0
0
0
0
0
0
0
0
0
0
0
0
0
0
0
0
0
0
0
0
0
0
0
0
0
0
0
0
0
0
0
0
0
0
0
0
0
0
0
0
0
0
0
0
0
0
0
0
0
0
0
0
0
0
0
0
0
0
0
0
0
0
0
0
0
0
0
0
0
0
0
0
0
0
0
0
0
0
0
0
0
0
0
0
0
0
0
0
0
0
0
0
0
0
0
0
0
0
0
0
0
0
0
0
0
0
0
0
0
0
0
0
0
0
0
0
0
0
0
0
0
0
0
0
0
0
0
0
0
0
0
0
0
0
0
0
0
0
0
0
0
0
0
0
0
0
0
0
0
0
0
0
0
0
0
0
0
0
0
0
0
0
0
0
0
0
0
0
0
0
0
0
0
0
0
0
0
0
0
0
0
0
0
0
0
0
0
0
0
0
0
0
0
0
0
0
0
0
0
0
0
0
0
0
0
0
0
0
0
0
0
0
0
0
0
0
0
0
0
0
0
0
0
0
0
0
0
0
0
0
0
0
0
0
0
0
0
0
0
0
0
0
0
0
0
0
0
0
0
0
0
0
0
0
0
0
0
0
0
0
0
0
0
0
0
0
0
0
0
0
0
0
0
0
0
0
0
0
0
0
0
0
0
0
0
0
0
0
0
0
0
0
0
0
0
0
0
0
0
0
0
0
0
0
0
0
0
0
0
0
0
0
0
0
0
0
0
0
0
0
0
0
0
0
0
0
0
0
0
0
0
0
0
0
0
0
0
0
0
0
0
0
0
0
0
0
0
0
0
0
0
0
0
0
0
0
0
0
0
0
0
0
0
0
0
0
0
0
0
0
0
0
0
0
0
0
0
0
0
0
0
0
0
0
0
0
0
0
0
0
0
0
0
0
0
0
0
0
0
0
0
0
0
0
0
0
0
0
0
0
0
0
0
0
0
0
0
0
0
0
0
0
0
0
0
0
0
0
0
0
0
0
0
0
0
0
0
0
0
0
0
0
0
0
0
0
0
0
0
0
0
0
0
0
0
0
0
0
0
0
0
0
0
0
0
0
0
0
0
0
0
0
0
0
0
0
0
0
0
0
0
0
0
0
0
0
0
0
0
0
0
0
0
0
0
0
0
0
0
0
0
0
0
0
0
0
0
0
0
0
0
0
0
0
0
0
0
0
0
0
0
0
0
0
0
0
0
0
0
0
0
0
0
0
0
0
0
0
0
0
0
0
0
0
0
0
0
0
0
0
0
0
0
0
0
0
0
0
0
0
0
0
0
0
0
0
0
0
0
0
0
0
0
0
0
0
0
0
0
0
0
0
0
0
0
0
0
0
0
0
0
0
0
0
0
0
0
0
0
0
0
0
0
0
0
0
0
0
0
0
0
0
0
0
0
0
0
0
0
0
0
0
0
0
0
0
0
0
0
0
0
0
0
0
0
0
0
0
0
0
0
0
0
0
0
0
0
0
0
0
0
0
0
0
0
0
0
0
0
0
0
0
0
0
0
0
0
0
0
0
0
0
0
0
0
0
0
0
0
0
0
0
0
0
0
0
0
0
0
0
0
0
0
0
0
0
0
0
0
0
0
0
0
0
0
0
0
0
0
0
0
0
0
0
0
0
0
0
0
0
0
0
0
0
0
0
0
0
0
0
0
0
0
0
0
0
0
0
0
0
0
0
0
0
0
0
0
0
0
0
0
0
0
0
0
0
0
0
0
0
0
0
0
0
0
0
0
0
0
0
0
0
0
0
0
0
0
0
0
0
0
0
0
0
0
0
0
0
0
0
0
0
0
0
0
0
0
0
0
0
0
0
0
0
0
0
0
0
0
0
0
0
0
0
0
0
0
0
0
0
0
0
0
0
0
0
0
0
0
0
0
0
0
0
0
0
0
0
0
0
0
0
0
0
0
0
0
0
0
0
0
0
0
0
0
0
0
0
0
0
0
0
0
0
0
0
0
0
0
0
0
0
0
0
0
0
0
0
0
0
0
0
0
0
0
0
0
0
0
0
0
0
0
0
0
0
0
0
0
0
0
0
0
0
0
0
0
0
0
0
0
0
0
0
0
0
0
0
0
0
0
0
0
0
0
0
0
0
0
0
0
0
0
0
0
0
0
0
0
0
0
0
0
0
0
0
0
0
0
0
0
0
0
0
0
0
0
0
0
0
0
0
0
0
0
0
0
0
0
0
0
0
0
0
0
0
0
0
0
0
0
0
0
0
0
0
0
0
0
0
0
0
0
0
0
0
0
0
0
0
0
0
0
0
0
0
0
0
0
0
0
0
0
0
0
0
0
0
0
0
0
0
0
0
0
0
0
0
0
0
0
0
0
0
0
0
0
0
0
0
0
0
0
0
0
0
0
0
0
0
0
0
0
0
0
0
0
0
0
0
0
0
0
0
0
0
0
0
0
0
0
0
0
0
0
0
0
0
0
0
0
0
0
0
0
0
0
0
0
0
0
0
0
0
0
0
0
0
0
0
0
0
0
0
0
0
0
0
0
0
0
0
0
0
0
0
0
0
0
0
0
0
0
0
0
0
0
0
0
0
0
0
0
0
0
0
0
0
0
0
0
0
0
0
0
0
0
0
0
0
0
0
0
0
0
0
0
0
0
0
0
0
0
0
0
0
0
0
0
0
0
0
0
0
0
0
0
0
0
0
0
0
0
0
0
0
0
0
0
0
0
0
0
0
0
0
0
0
0
0
0
0
0
0
0
0
0
0
0
0
0
0
0
0
0
0
0
0
0
0
0
0
0
0
0
0
0
0
0
0
0
0
0
0
0
0
0
0
0
0
0
0
0
0
0
0
0
0
0
0
0
0
0
0
0
0
0
0
0
0
0
0
0
0
0
0
0
0
0
0
0
0
0
0
0
0
0
0
0
0
0
0
0
0
0
0
0
0
0
0
0
0
0
0
0
0
0
0
0
0
0
0
0
0
0
0
0
0
0
0
0
0
0
0
0
0
0
0
0
0
0
0
0
0
0
0
0
0
0
0
0
0
0
0
0
0
0
0
0
0
0
0
0
0
0
0
0
0
0
0
0
0
0
0
0
0
0
0
0
0
0
0
0
0
0
0
0
0
0
0
0
0
0
0
0
0
0
0
0
0
0
0
0
0
0
0
0
0
0
0
0
0
0
0
0
0
0
0
0
0
0
0
0
0
0
0
0
0
0
0
0
0
0
0
0
0
0
0
0
0
0
0
0
0
0
0
0
0
0
0
0
0
0
0
0
0
0
0
0
0
0
0
0
0
0
0
0
0
0
0
0
0
0
0
0
0
0
0
0
0
0
0
0
0
0
0
0
0
0
0
0
0
0
0
0
0
0
0
0
0
0
0
0
0
0
0
0
0
0
0
0
0
0
0
0
0
0
0
0
0
0
0
0
0
0
0
0
0
0
0
0
0
0
0
0
0
0
0
0
0
0
0
0
0
0
0
0
0
0
0
0
0
0
0
0
0
0
0
0
0
0
0
0
0
0
0
0
0
0
0
0
0
0
0
0
0
0
0
0
0
0
0
0
0
0
0
0
0
0
0
0
0
0
0
0
0
0
0
0
0
0
0
0
0
0
0
0
0
0
0
0
0
0
0
0
0
0
0
0
0
0
0
0
0
0
0
0
0
0
0
0
0
0
0
0
0
0
0
0
0
0
0
0
0
0
0
0
0
0
0
0
0
0
0
0
0
0
0
0
0
0
0
0
0
0
0
0
0
0
0
0
0
0
0
0
0
0
0
0
0
0
0
0
0
0
0
0
0
0
0
0
0
0
0
0
0
0
0
0
0
0
0
0
0
0
0
0
0
0
0
0
0
0
0
0
0
0
0
0
0
0
0
0
0
0
0
0
0
0
0
0
0
0
0
0
0
0
0
0
0
0
0
0
0
0
0
0
0
0
0
0
0
0
0
0
0
0
0
0
0
0
0
0
0
0
0
0
0
0
0
0
0
0
0
0
0
0
0
0
0
0
0
0
0
0
0
0
0
0
0
0
0
0
0
0
0
0
0
0
0
0
0
0
0
0
0
0
0
0
0
0
0
0
0
0
0
0
0
0
0
0
0
0
0
0
0
0
0
0
0
0
0
0
0
0
0
0
0
0
0
0
0
0
0
0
0
0
0
0
0
0
0
0
0
0
0
0
0
0
0
0
0
0
0
0
0
0
0
0
0
0
0
0
0
0
0
0
0
0
0
0
0
0
0
0
0
0
0
0
0
0
0
0
0
0
0
0
0
0
0
0
0
0
0
0
0
0
0
0
0
0
0
0
0
0
0
0
0
0
0
0
0
0
0
0
0
0
0
0
0
0
0
0
0
0
0
0
0
0
0
0
0
0
0
0
0
0
0
0
0
0
0
0
0
0
0
0
0
0
0
0
0
0
0
0
0
0
0
0
0
0
0
0
0
0
0
0
0
0
0
0
0
0
0
0
0
0
0
0
0
0
0
0
0
0
0
0
0
0
0
0
0
0
0
0
0
0
0
0
0
0
0
0
0
0
0
0
0
0
0
0
0
0
0
0
0
0
0
0
0
0
0
0
0
0
0
0
0
0
0
0
0
0
0
0
0
0
0
0
0
0
0
0
0
0
0
0
0
0
0
0
0
0
0
0
0
0
0
0
0
0
0
0
0
0
0
0
0
0
0
0
0
0
0
0
0
0
0
0
0
0
0
0
0
0
0
0
0
0
0
0
0
0
0
0
0
0
0
0
0
0
0
0
0
0
0
0
0
0
0
0
0
0
0
0
0
0
0
0
0
0
0
0
0
0
0
0
0
0
0
0
0
0
0
0
0
0
0
0
0
0
0
0
0
0
0
0
0
0
0
0
0
0
0
0
0
0
0
0
0
0
0
0
0
0
0
0
0
0
0
0
0
0
0
0
0
0
0
0
0
0
0
0
0
0
0
0
0
0
0
0
0
0
0
0
0
0
0
0
0
0
0
0
0
0
0
0
0
0
0
0
0
0
0
0
0
0
0
0
0
0
0
0
0
0
0
0
0
0
0
0
0
0
0
0
0
0
0
0
0
0
0
0
0
0
0
0
0
0
0
0
0
0
0
0
0
0
0
0
0
0
0
0
0
0
0
0
0
0
0
0
0
0
0
0
0
0
0
0
0
0
0
0
0
0
0
0
0
0
0
0
0
0
0
0
0
0
0
0
0
0
0
0
0
0
0
0
0
0
0
0
0
0
0
0
0
0
0
0
0
0
0
0
0
0
0
0
0
0
0
0
0
0
0
0
0
0
0
0
0
0
0
0
0
0
0
0
0
0
0
0
0
0
0
0
0
0
0
0
0
0
0
0
0
0
0
0
0
0
0
0
0
0
0
0
0
0
0
0
0
0
0
0
0
0
0
0
0
0
0
0
0
0
0
0
0
0
0
0
0
0
0
0
0
0
0
0
0
0
0
0
0
0
0
0
0
0
0
0
0
0
0
0
0
0
0
0
0
0
0
0
0
0
0
0
0
0
0
0
0
0
0
0
0
0
0
0
0
0
0
0
0
0
0
0
0
0
0
0
0
0
0
0
0
0
0
0
0
0
0
0
0
0
0
0
0
0
0
0
0
0
0
0
0
0
0
0
0
0
0
0
0
0
0
0
0
0
0
0
0
0
0
0
0
0
0
0
0
0
0
0
0
0
0
0
0
0
0
0
0
0
0
0
0
0
0
0
0
0
0
0
0
0
0
0
0
0
0
0
0
0
0
0
0
0
0
0
0
0
0
0
0
0
0
0
0
0
0
0
0
0
0
0
0
0
0
0
0
0
0
0
0
0
0
0
0
0
0
0
0
0
0
0
0
0
0
0
0
0
0
0
0
0
0
0
0
0
0
0
0
0
0
0
0
0
0
0
0
0
0
0
0
0
0
0
0
0
0
0
0
0
0
0
0
0
0
0
0
0
0
0
0
0
0
0
0
0
0
0
0
0
0
0
0
0
0
0
0
0
0
0
0
0
0
0
0
0
0
0
0
0
0
0
0
0
0
0
0
0
0
0
0
0
0
0
0
0
0
0
0
0
0
0
0
0
0
0
0
0
0
0
0
0
0
0
0
0
0
0
0
0
0
0
0
0
0
0
0
0
0
0
0
0
0
0
0
0
0
0
0
0
0
0
0
0
0
0
0
0
0
0
0
0
0
0
0
0
0
0
0
0
0
0
0
0
0
0
0
0
0
0
0
0
0
0
0
0
0
0
0
0
0
0
0
0
0
0
0
0
0
0
0
0
0
0
0
0
0
0
0
0
0
0
0
0
0
0
0
0
0
0
0
0
0
0
0
0
0
0
0
0
0
0
0
0
0
0
0
0
0
0
0
0
0
0
0
0
0
0
0
0
0
0
0
0
0
0
0
0
0
0
0
0
0
0
0
0
0
0
0
0
0
0
0
0
0
0
0
0
0
0
0
0
0
0
0
0
0
0
0
0
0
0
0
0
0
0
0
0
0
0
0
0
0
0
0
0
0
0
0
0
0
0
0
0
0
0
0
0
0
0
0
0
0
0
0
0
0
0
0
0
0
0
0
0
0
0
0
0
0
0
0
0
0
0
0
0
0
0
0
0
0
0
0
0
0
0
0
0
0
0
0
0
0
0
0
0
0
0
0
0
0
0
0
0
0
0
0
0
0
0
0
0
0
0
0
0
0
0
0
0
0
0
0
0
0
0
0
0
0
0
0
0
0
0
0
0
0
0
0
0
0
0
0
0
0
0
0
0
0
0
0
0
0
0
0
0
0
0
0
0
0
0
0
0
0
0
0
0
0
0
0
0
0
0
0
0
0
0
0
0
0
0
0
0
0
0
0
0
0
0
0
0
0
0
0
0
0
0
0
0
0
0
0
0
0
0
0
0
0
0
0
0
0
0
0
0
0
0
0
0
0
0
0
0
0
0
0
0
0
0
0
0
0
0
0
0
0
0
0
0
0
0
0
0
0
0
0
0
0
0
0
0
0
0
0
0
0
0
0
0
0
0
0
0
0
0
0
0
0
0
0
0
0
0
0
0
0
0
0
0
0
0
0
0
0
0
0
0
0
0
0
0
0
0
0
0
0
0
0
0
0
0
0
0
0
0
0
0
0
0
0
0
0
0
0
0
0
0
0
0
0
0
0
0
0
0
0
0
0
0
0
0
0
0
0
0
0
0
0
0
0
0
0
0
0
0
0
0
0
0
0
0
0
0
0
0
0
0
0
0
0
0
0
0
0
0
0
0
0
0
0
0
0
0
0
0
0
0
0
0
0
0
0
0
0
0
0
0
0
0
0
0
0
0
0
0
0
0
0
0
0
0
0
0
0
0
0
0
0
0
0
0
0
0
0
0
0
0
0
0
0
0
0
0
0
0
0
0
0
0
0
0
0
0
0
0
0
0
0
0
0
0
0
0
0
0
0
0
0
0
0
0
0
0
0
0
0
0
0
0
0
0
0
0
0
0
0
0
0
0
0
0
0
0
0
0
0
0
0
0
0
0
0
0
0
0
0
0
0
0
0
0
0
0
0
0
0
0
0
0
0
0
0
0
0
0
0
0
0
0
0
0
0
0
0
0
0
0
0
0
0
0
0
0
0
0
0
0
0
0
0
0
0
0
0
0
0
0
0
0
0
0
0
0
0
0
0
0
0
0
0
0
0
0
0
0
0
0
0
0
0
0
0
0
0
0
0
0
0
0
0
0
0
0
0
0
0
0
0
0
0
0
0
0
0
0
0
0
0
0
0
0
0
0
0
0
0
0
0
0
0
0
0
0
0
0
0
0
0
0
0
0
0
0
0
0
0
0
0
0
0
0
0
0
0
0
0
0
0
0
0
0
0
0
0
0
0
0
0
0
0
0
0
0
0
0
0
0
0
0
0
0
0
0
0
0
0
0
0
0
0
0
0
0
0
0
0
0
0
0
0
0
0
0
0
0
0
0
0
0
0
0
0
0
0
0
0
0
0
0
0
0
0
0
0
0
0
0
0
0
0
0
0
0
0
0
0
0
0
0
0
0
0
0
0
0
0
0
0
0
0
0
0
0
0
0
0
0
0
0
0
0
0
0
0
0
0
0
0
0
0
0
0
0
0
0
0
0
0
0
0
0
0
0
0
0
0
0
0
0
0
0
0
0
0
0
0
0
0
0
0
0
0
0
0
0
0
0
0
0
0
0
0
0
0
0
0
0
0
0
0
0
0
0
0
0
0
0
0
0
0
0
0
0
0
0
0
0
0
0
0
0
0
0
0
0
0
0
0
0
0
0
0
0
0
0
0
0
0
0
0
0
0
0
0
0
0
0
0
0
0
0
0
0
0
0
0
0
0
0
0
0
0
0
0
0
0
0
0
0
0
0
0
0
0
0
0
0
0
0
0
0
0
0
0
0
0
0
0
0
0
0
0
0
0
0
0
0
0
0
0
0
0
0
0
0
0
0
0
0
0
0
0
0
0
0
0
0
0
0
0
0
0
0
0
0
0
0
0
0
0
0
0
0
0
0
0
0
0
0
0
0
0
0
0
0
0
0
0
0
0
0
0
0
0
0
0
0
0
0
0
0
0
0
0
0
0
0
0
0
0
0
0
0
0
0
0
0
0
0
0
0
0
0
0
0
0
0
0
0
0
0
0
0
0
0
0
0
0
0
0
0
0
0
0
0
0
0
0
0
0
0
0
0
0
0
0
0
0
0
0
0
0
0
0
0
0
0
0
0
0
0
0
0
0
0
0
0
0
0
0
0
0
0
0
0
0
