0.74479117635176
2.07909586428734
0.94891528039798
2.3209347267155
2.19421793971226
2.30585127812296
0.816177699656676
1.95499531253442
1.75222983946126
0.8361055393591
1.7734278793269
0.632974695538971
0.846873311049999
1.1451338398533
1.09288632529032
1.16809669016804
1.0517295796284
0.800145315371672
1.0656848269683
0.714193307702404
1.25680527996247
1.2753083770234
0.618233681289812
2.46829945215002
1.37885307773132
1.233990703016
1.28077286209889
1.24429803669026
2.27101903948261
1.52150831442984
1.36618443368146
1.16503432583396
1.38368502097097
1.7709515144952
1.22200879218218
1.64308045727159
0.61904227964064
1.19962580461803
1.16542789854468
1.63223569078201
1.2753271525591
2.02034538230971
1.26211835747853
1.23949997481951
1.67695363544586
1.70610319693221
0.906919142296349
1.749828004888
1.15527313413006
1.376393885176
1.01016894006565
0.606119401357834
1.69593717705208
1.05058735736546
1.76137440721837
1.35212687034071
0.741460148810626
1.49775608199484
1.20898336674379
0.737267493168315
0.73393472099404
1.16498384159176
1.51308959640339
0.693093217208244
0.618377615479656
1.3757282412762
2.0512938858046
1.27934323018811
1.44111125480111
1.23751404473276
1.29603121788976
1.34662388025835
1.16219379088113
0.731607585802644
2.52930130763721
1.36438563961208
1.19124435835215
2.38069828146671
1.428864580249
0.934499888390967
1.44105276755297
0.606063220352155
0.677218056407385
2.40213855013867
0.806010394905242
1.48112749845026
2.25229755690134
1.70672301314755
1.09447846097953
0.712283610725475
1.04987978473128
1.12588180453565
0.924093331803785
2.37515882944717
1.34018084308862
1.53998687030478
1.43928265314526
0.952962174003836
0.819617231929491
1.11284976952902
0.847351636338758
0.764543463504932
1.1670340056639
1.15524895355301
1.03490380817907
1.17973199392083
0.911758234751568
1.83111212786729
2.247836423074
0.597399872578527
0.8582475481842
0.731373765668622
0.747034121629179
2.08580594695006
2.15606110652823
1.48796808889145
2.23900782811267
1.05038092669601
0.628671342016542
1.76736441143988
0.691865367165046
1.01439964721689
1.04267762087238
0.909573087613111
1.18541450820182
1.84360910912857
1.03368789220394
1.39069302155371
1.38091693723254
1.02164593438203
2.24371207637347
1.5903022300913
0.622951120965138
0.66277358893766
1.19011787901638
1.21737853059994
0.726095614470791
1.84285516891178
2.32242414240198
1.17221129085078
1.43849652861522
1.5713102823761
0.645522001847466
1.31831550855228
0.70122464382472
0.591502575229464
1.41032214161218
1.75578445805868
1.95301326050024
1.22166780075207
1.33607361173518
2.03070881853884
0.80016608585443
0.789753106331935
1.48987318878427
0.685672158300767
0.719976468172155
1.37980030480084
1.10270631201689
0.882031510800316
1.14912600286158
1.48989457389977
0.749728039632537
2.19502954758432
0.78185925401174
1.4001777305107
0.739457674838392
0.678275166728667
1.17911132991633
1.34101355881394
0.827211684297208
0.662095807740581
0.949664558351249
1.20689156802573
1.14195822829282
0.604747670142341
0.668253124061924
0.711954360328388
1.95866121973873
2.53881096150416
2.36438716653712
1.08086795400942
1.25075047955283
0.68540565306467
1.12813653885417
1.02283599851519
0.979025404560232
0.686650953233283
1.22243128597506
1.37558744263595
1.28290276156782
1.63943260717669
0.889505037917337
2.86514684598568
2.59991868331989
1.0595004450079
0.587129380086661
0.975416905185856
2.98691702548612
0.679348555304603
0.711446219046478
1.05991173407094
1.80938182558093
1.78583771862193
1.07410050477403
1.06333488674788
1.01029537149642
1.13353483071268
1.26393849726698
1.26329855492643
1.95659263665944
1.81517948060546
1.25848939074382
1.41218966683523
1.26920129592338
0.814760166802686
1.45995842449576
1.28999377380233
1.04119122812636
1.10870285251168
1.05522385450596
0.618249635201398
1.17000093811749
1.76353012009881
0.762593816681519
0.719437825168683
1.1175827860758
0.739213288597413
0.749373825307731
1.08735364965954
0.713424541961274
1.49080685900597
1.6344180336573
1.12047943541507
1.2666625088415
1.64324324922698
1.06633592531651
1.09651689308771
1.37741251747752
1.27376678138838
0.971768758088258
1.35050105912666
1.05958181281733
0.939898344839344
0.804380397173146
1.25499017061528
1.32466215392005
1.99306275168001
1.16807348772541
1.18685593368241
1.2702636434133
0.921991227544197
0.625063415451446
2.63482060063511
2.39022768586885
0.826280610884169
0.892712413961435
1.74608612847847
1.0256814897193
1.22346321681101
0.944728845265887
1.17603731712111
1.10175791133464
0.77491836409407
1.65760481578843
0.781933169496246
0.758229027498588
0.860370606869463
2.18144835773621
1.33622399694321
1.72399637955451
1.47217706062224
1.92076774706658
0.950313009597324
0.903386191696107
2.12376093907418
0.680514146604718
1.35270396617991
1.44860312151673
0.769136890303899
0.691609243342947
1.67108948362869
1.60586987133752
0.871583310791825
0.676406050969266
1.38611407207842
0.930763270410473
0.992622642746561
1.27800758455055
0.693933259875387
1.83009312603612
0.77402027488934
0.935238319027909
2.01482637272886
0.796215248996505
0.668973305006708
1.153192698438
0.661076045824911
2.19016709425923
1.2856451575009
0.833066636324028
1.13982523496838
1.56478455273513
0.793849921568017
2.33895223625128
1.35873580127841
0.650982433839527
0.667220492460775
0.665687702928669
1.50055977049763
0.855495669665864
1.48574648118505
2.44746682902199
1.30008750646413
0.976453191962444
0.672478285943389
0.779924263300083
1.44733486989114
1.12413981463971
0.93820218544714
0.930719968620289
0.716411383110403
0.632866272407669
1.43941186941624
0.613578395699828
1.67970205900403
1.43764956848789
0.59250184279728
1.13240900757482
0.961590936127998
1.37056031380066
0.861786276069756
1.51540551538362
1.59296809874038
1.53036753892386
2.12530186492141
0.673887024540047
0.738149913336258
1.80388203188411
1.22813278388671
0.677729069367339
0.621733111920961
1.16159622146298
1.53159591619623
1.31519480710984
0.904883769909868
0.784093694848217
0.899733705894148
0.633131344362473
0.865527579066604
0.652574176821753
0.815639097528253
0.76836366690342
2.83952924463028
1.56273239839754
0.660806364590653
1.75454556256539
1.04513359136474
1.19641056365029
0.811858763527784
1.46245181873583
0.810721871191981
0.810839023448055
1.89586272924022
1.81307477188718
1.07151800298595
0.591647270340403
1.79907797965674
1.23071301037831
1.37463307441233
0.917278315777958
1.09424539629985
0.881559881249005
0.817942056241352
1.19674912232131
0.989689978245321
1.09333622193594
1.12636199997199
1.0871109907643
1.51384278018361
1.25627564233963
0.920292988591814
0.708270828100855
0.952103132364137
1.30110680529428
1.32078597100175
2.31691822984113
0.916715392054198
0.599220468065578
0.74955410319522
1.6866036989769
1.09597697633588
1.77852698869224
0.587771277502773
0.87773191891573
1.31284237590646
0.865192869473426
0.814483263361021
1.28837068500347
0.885398479052648
2.4928378208628
1.39297616960843
2.10610903071947
0.955508309151136
1.72323780139426
1.50156195982028
1.08943372537798
0.987492335122589
2.4168414794555
1.13126865939748
0.673913147616454
1.13706162443824
0.727216334489345
1.4811160955768
1.79485174626933
0.959618187051328
0.814450419586493
0.694282934882349
0.853301398711779
0.853371787610506
0.771308316712061
1.36847277903039
2.39075424225474
1.4700491979959
0.858695546164598
0.586580070766399
1.42971481669954
1.70959860260511
0.907580491308657
1.27984489839097
0.686655182223539
1.18943846185522
0.750409214334105
0.738608653457667
1.13840774518564
1.16629284420882
1.67832773552442
1.73129759895841
1.86936792026974
1.06261153064896
0.996533156640118
1.42764379669033
0.822041512759181
0.777244203991936
0.740273694501682
1.85465317364242
0.786254164319143
1.26980571418632
0.798835745892862
0.722076844053735
1.75161193434002
0.701853382101007
1.04778567504837
0.918342281688107
1.9316632324662
0.677095984602403
1.60431719695736
1.18145493933958
0.806992213911275
1.34562908279321
1.22911186530182
1.0206109338105
1.34039947089567
1.00924392737118
1.13095269691751
1.85149695860925
0.755368833190937
1.40272974675108
1.27281464680992
1.31934872661343
0.840440367874558
0.694876449266566
2.08421797753491
0.815083518952375
0.621142742408462
1.52559404708867
1.3328118965837
0.935104887096425
0.814675339211007
0.794267125452391
0.789104383154879
1.5075691963041
1.15172201369638
0.983764141750384
1.47863776745529
0.931361501662161
0.982539555394302
1.32653310104923
1.18471469800506
1.36973604210112
0.61785733135143
0.98124530193851
1.94051248954116
0.824501159086044
1.12366286362263
1.45121303555768
1.24474651724548
2.463878227726
0.87207877331797
0.898673566151091
1.8482628058629
1.19828632447087
1.10809013209875
1.91742472045473
0.803294753876791
0.664019859927661
1.73860544025254
1.38284123394983
1.75494612711495
1.00731508933802
0.701833711568695
0.827733338378289
1.24670571741645
2.39146224918721
0.679901270095742
1.59654142176114
0.759129522040643
0.602192646992375
1.01589229126781
2.48766884722078
0.636689860125391
1.63840477053033
1.74629354394349
1.06832301932764
1.28254100114511
0.722559142009685
1.94075905986702
1.85372988032665
0.758859291533432
1.90471923454788
1.44126960689527
0.789984452797722
0.650784195283863
1.58451003385107
1.86688765932461
1.02500342944214
2.20047215240434
0.68011726817921
0.812672293406731
1.62384857934785
0.696420198909667
1.42952539740746
1.01472419470307
0.760731366275447
1.92676600525417
0.672440211649747
1.92832504405527
1.50481349788642
2.30669285857854
0.91000244914892
0.836420219469538
2.03813396001428
2.13236756573384
0.679184763321472
1.91049351573899
1.39701390406214
1.97654323741401
1.45417720698265
0.596404578033085
0.807006791369938
1.06026334271015
0.593390392115746
1.52401273298335
1.25843387887007
0.910221522331955
0.690390979001372
0.922624374082339
1.06111856706086
1.07769695766466
0.737036668142408
1.44373445994292
1.43225526815735
1.00727488461497
0.70152302357735
1.49783381393241
0.792145236112916
2.55971500800059
1.25050094431512
1.89918726921274
2.25257690090867
1.62951466654644
1.32754500720415
1.06675035874995
2.12766023110097
1.67701833381542
1.58113310910061
2.27029951304439
1.63795450577415
2.06004504435622
1.69832214233846
0.80437717430241
0.822784820755401
1.5477008670284
1.24415428971379
0.90686920474944
0.745523430043125
1.78184869453012
1.07866774173461
1.12752661250912
0.71656393000439
2.28609345431612
0.923230113385039
1.24627887049718
0.931771802773639
1.24249231023923
1.31524812247341
0.666037802899203
0.894795836075942
1.35737528998769
0.949208773632179
0.902413473834739
1.16444066147439
0.87940302755907
1.60113020048689
2.42920738147506
1.08892945909363
1.94929743223602
1.3364279985817
1.76032441995305
0.609991858507676
0.945066911409299
0.673953262188438
1.26049125156452
0.996608009092519
2.55147810039371
-0.88901792621011
-1.96276996166147
-1.30684333357353
-1.01358125592851
-0.593631627550251
-0.76076381099869
-1.53070239219611
-1.38000690416967
-0.960869500794789
-1.35473470738013
-0.862709405221992
-0.964689708690393
-1.21402755292539
-0.729546892028962
-0.602052846611012
-0.976810495903954
-1.118590168741
-0.804403295197001
-0.614106913931356
-1.1199025605944
-0.662342920474714
-1.70578017998475
-1.92585746587737
-1.58582252111331
-0.941318237208975
-0.86678300791459
-1.61139923627607
-1.23536943322437
-1.21503325801177
-1.9824319600795
-1.71515265460805
-2.26714771706967
-1.95005907750779
-1.78150931265909
-0.794898757354447
-1.36861575661183
-1.038398905361
-2.01443464549772
-1.14352672981384
-0.787754305452935
-1.3652885930153
-1.82949673290368
-1.41894939034204
-0.6885177058701
-1.14335167929436
-0.685978225933752
-1.34931710831868
-1.18561325568543
-0.99072877471503
-2.17698842894943
-0.957107659881969
-1.23406577017984
-1.80416881990076
-1.07449472259734
-0.598341831603994
-2.18570998184497
-1.89158871629187
-0.853632767746232
-1.16321067623732
-1.63339982982817
-1.28670566899488
-1.65391561645449
-0.81251639746602
-0.723507251469139
-0.816465794655936
-0.786130046315804
-1.04452349499809
-1.26850282924791
-1.03404921887518
-0.650405751742931
-0.901662105278888
-0.643554526375036
-1.11640998835944
-1.76763095596272
-1.5503451197938
-1.16461298015256
-1.52669849856212
-2.02802656845745
-0.895677929169679
-0.975901103348262
-1.44315440477541
-0.854670226694405
-1.6784341674112
-1.19523946029217
-0.879143287062689
-0.904560726985714
-1.20964552553455
-0.95867401271182
-1.75927033431556
-0.743114637921521
-2.1221605437077
-0.989725526014516
-0.809880281043407
-0.732638288069378
-0.814813030284205
-0.66094301216619
-1.12462130757619
-2.41819307822331
-2.03785364796733
-1.38262567088523
-0.821420626664731
-1.4184875402037
-0.913855506964607
-0.965523768995835
-1.81640257934156
-1.61825599398813
-1.31686556369394
-1.54893993117777
-0.610516143096853
-1.45208277328887
-0.763291340115258
-1.28252779742652
-2.31726849636636
-0.879305901478561
-1.17194752863302
-1.9838389411455
-0.75320395504785
-1.88704974062748
-1.58742796317997
-0.948983725536725
-1.8132598761621
-1.3465804888898
-2.3424979486864
-0.738516023850771
-1.85725485061499
-1.22534430735057
-0.934070743161925
-1.45683529879849
-2.00446740686562
-0.931925199186205
-1.2892110667128
-1.41423963489426
-0.887315278395591
-0.96336177358734
-1.50251423009493
-3.05696575250127
-2.02499082621528
-1.33293374762093
-0.708920068377586
-0.761038176025016
-0.907374692837276
-1.66252218642685
-1.75404021614164
-0.651503950484904
-0.920145333926851
-0.778461494420609
-1.46680173286521
-0.719019561824767
-0.840752455472594
-1.02842695029927
-1.80093639367973
-0.84853224489662
-0.646095000883163
-0.823748736339655
-0.688463768213365
-1.275162595176
-0.714212479620728
-1.6560361053533
-0.72799787977315
-0.780720403845353
-1.02689970468143
-0.883292067840875
-1.92295024896927
-1.79194310294601
-0.921965302441876
-1.99511780373439
-1.19104126935003
-1.46221789518714
-0.841333926563195
-0.707776469902711
-1.24315407147612
-0.979299756176088
-0.848501264101556
-0.61699064232827
-0.815275939754114
-1.02900310636545
-1.41129140958824
-2.20966952460204
-1.95899911742371
-1.66562889364363
-0.908229590169554
-1.82395163333847
-2.33408917613018
-1.45797921250571
-0.611709374329001
-1.62787145702372
-1.61938987478072
-1.36845898152276
-1.23400818391124
-0.815549085968969
-1.11334012542404
-2.53333161701839
-2.59779801515425
-1.15820023542228
-1.60248143418379
-0.833693306254952
-1.95834051501691
-0.701080824561696
-1.37885343656637
-0.672222039030041
-0.675128446283978
-0.856201248042753
-0.7790028121368
-0.74148978148583
-1.49180053570099
-0.834066952973404
-1.83511245952232
-1.22010842488381
-0.681921563526852
-1.15311131613221
-0.718164609009785
-0.867576269579966
-1.65550978255653
-1.19417560559639
-1.38561681590145
-0.637738073446261
-0.613373127367366
-0.953165049799075
-2.57974502459727
-2.16660288905153
-0.976775428420357
-1.08820250481141
-1.52577741377001
-0.688168838885202
-2.07570037262255
-1.69088768845825
-2.03636766909155
-1.78468511193862
-0.750168407230902
-1.04810259571229
-1.01744863418002
-0.963063313386307
-0.668773302776884
-1.96770046199733
-1.77983031897754
-1.28226037648082
-1.64534101475882
-1.60458539749966
-0.868623104487309
-1.39489194184088
-0.608620435220958
-2.69118218872759
-0.795131566580675
-1.47870928711246
-1.72063172930758
-0.767380877425366
-2.0146099961491
-0.995762615649427
-1.25237475359112
-1.5752460404526
-0.621500949798166
-0.649143173870639
-1.70897460987634
-0.679078922722903
-1.10023271782905
-1.23599732207451
-1.08347217000867
-2.00590762915569
-1.39149367378576
-1.65804689188794
-0.868598325078801
-0.593066435999577
-1.64361964355015
-0.755171207819978
-1.65640752847741
-1.58299666773241
-1.37378676018292
-0.749663308744506
-0.926645515925772
-1.03665778071571
-1.78335094766094
-0.924614578693974
-1.16635400381175
-1.10959052534811
-0.831919534445002
-0.775189971642401
-0.793524133359708
-1.65871851615719
-0.846560113446534
-1.32023156647093
-0.67239293731528
-2.19691657643553
-0.714838621634278
-2.03461096554151
-1.18656707493324
-0.785488548746051
-1.60320603770914
-0.593836024851513
-1.69433886327701
-1.38666221131807
-1.00797711807742
-1.3314475600622
-1.74356257589488
-1.14841786623064
-0.702284320545743
-2.47465597814331
-2.27190879589491
-1.3709540316326
-1.14609487899999
-1.18226059973356
-1.80000192039865
-0.878903723080668
-1.55072401048623
-1.31505141806921
-1.08542425543001
-1.01467649782157
-1.39835097801391
-1.0990382297398
-1.22649395656816
-1.93836952813168
-1.10066363247705
-1.99733056394668
-0.74629831317842
-1.5350131241856
-0.722859616752482
-1.8075423862879
-0.912737889119674
-2.47021767141296
-1.36774916078393
-0.83804129467773
-1.21580737528899
-0.72420105026178
-2.11898245987815
-1.22686138859621
-0.989144823724744
-2.40171001932509
-1.37888790692236
-2.08285488658816
-2.17628587964867
-0.911648690007521
-1.10736514614639
-1.21851023906674
-0.717971404475029
-1.27755032528459
-1.47635572318527
-0.871683105370251
-0.735932750027058
-1.56698878041409
-1.04234161315812
-0.856397094251433
-1.15513500206606
-1.64207690932898
-1.74896908316658
-0.924168536128029
-0.994415743478924
-0.873499111445425
-1.27562625805453
-2.32946150763829
-1.18268025612034
-0.817731150709252
-0.915381606036768
-0.622927621844682
-1.16007952205778
-1.82327653966124
-1.07448951556475
-0.695364168465136
-1.3821171392974
-1.37475541390836
-1.26562708435633
-0.593565519801095
-1.21006149473089
-1.30862739766012
-1.17377051394069
-1.17403527349491
-0.938948561618596
-0.635493841536721
-0.676527964503479
-1.1254538274878
-0.612809151732562
-0.931892999747696
-0.997860063389673
-3.67481896890883
-1.78405753597407
-0.707962977492628
-0.879298226489393
-0.909653477024023
-1.47648433252324
-0.853519943079835
-0.807686520773171
-0.917461315615537
-0.690309962932132
-1.46769627582988
-0.590554195278012
-0.690202017527658
-1.64214802632706
-1.7307935181741
-1.62724889537289
-2.08702149720731
-0.595563360242647
-1.04722751802507
-0.714131565173766
-1.14765502944368
-0.615002942899764
-1.1551030766487
-0.713303383155323
-1.30385204734995
-0.985662748787056
-0.808925820801845
-1.03978095172383
-1.73143686221426
-0.790280259103501
-2.10312762648543
-0.799138657364544
-1.05940633521261
-1.02060568094497
-1.11326124786586
-1.15108774488312
-2.08898185256249
-0.676847391115298
-2.05181211563788
-1.09374310710718
-1.3092994781306
-0.730290352588472
-1.4863379034061
-0.648642350158355
-0.806773367713201
-1.18940851877915
-1.25101919754229
-0.654729099267302
-2.5219777780363
-1.20202194413229
-2.14842756192552
-0.596793220590844
-2.22368320075274
-0.775024494971448
-1.49636873951835
-1.03731918939045
-1.18141014526966
-1.50251517093183
-1.63017532825331
-1.04501550411138
-1.58949818384866
-0.590369508697801
-0.966219195214884
-0.628917782171368
-0.728746687450081
-0.893290159706265
-0.64386151950723
-0.696650895052463
-1.26030445200918
-1.41508187328869
-1.24126247913101
-0.910789395536874
-1.87171335828825
-1.42841841796117
-1.21581625240946
-1.23322022801542
-0.748665996256758
-2.01783094099222
-1.70895477578301
-1.73301179468723
-1.86934055018616
-1.04597837582047
-1.07332280241776
-0.723054411184443
-1.2110332143433
-1.55061989325493
-1.4399976635639
-1.73230488153073
-1.04118629743746
-0.62411332928284
-0.947376671200279
-0.717316625630963
-1.34503556168771
-1.27438097667836
-1.28406588359657
-1.05952820911942
-1.3739139886704
-1.24836338994663
-2.67822565177891
-1.65910744367551
-1.21750521576695
-0.761071385782236
-1.43950845859113
-0.747211613326283
-0.912399553911264
-1.77654821735865
-0.899551892332287
-1.05626943339265
-0.712849402570667
-0.801616725962477
-1.00449152235259
-1.11823360052836
-0.716814098486044
-0.662159366047254
-0.835069926735631
-2.63376395395142
-1.51111107424843
-0.785601843916192
-1.02397813939418
-1.37830553608796
-1.16427786814591
-1.17500972933695
-1.14271717443959
-1.8142307709124
-1.12937647358992
-0.970330815753951
-0.587952358560959
-2.10488813020365
-1.58252116418671
-1.26562549614874
-1.83790844847536
-1.35770824971242
-0.676310733924912
-0.681960313595135
-1.00400054906268
-1.54124594384646
-0.765860267972659
-0.621382839561793
-1.17296880725104
-2.04849209610524
-0.80948474283907
-2.50117288100298
-3.00406340337162
-1.49270877865497
-1.04817873814812
-1.83119517242377
-0.819116726979906
-1.27492084532252
-0.964605109904637
-0.938634085706653
-2.58807674754297
-1.20809264869847
-1.4368214838462
-1.60534374733664
-0.881303823958165
-1.55833013914762
-1.02684571190405
-0.863462056627232
-1.01020263598492
-0.617489530404167
-1.11589849489998
-1.40321949185705
-0.98725408516589
-0.956314741431181
-1.52526628543664
-0.847250005707949
-0.877772226765349
-1.44633764971288
-1.02375876437507
-0.975255782803451
-1.35649157328398
-1.50344833025104
-2.26188692291963
-1.59179252235933
-0.613256209193186
-0.626778703875695
-0.682371738571204
-1.19426883947596
-0.835159521925341
-1.39622487249972
-1.32709757177919
-1.46772435214496
-2.18623834926914
-1.07849666840936
-1.349617986494
-0.860238106897551
-0.598291629692772
-1.10645749227315
-1.82646530435105
-0.988523763317846
-0.72349743466581
-0.83507057935813
-1.65727010118563
-1.29259443565236
-1.12394987932381
-1.72136387666094
-1.06844616569879
-1.00160013473258
-0.892208697726911
-0.971201819582887
-1.14341483144135
-1.52928451272968
-1.80107596390005
-0.891895988674784
-1.14674904452142
-0.930958254350308
-0.839508603028103
-0.696589588995267
-0.732365891112576
-1.95558382652731
-1.47645293512341
-0.951911357986077
-1.35641791972521
-0.934104900273912
-1.61297586929496
-1.41089341386489
-1.58272655245835
-0.839288626371428
-1.83884162299894
-0.993078312113678
-1.68448412067394
-0.929786758647541
-1.03643860201527
-1.09069101010047
-1.13655902326891
-0.935775230334776
-1.38869435559495
-0.810585618509941
-1.77768507488519
-0.792574043745383
-0.842038463367738
-0.646374229532728
-0.95539141020791
-1.45235644429828
-1.14210771050462
-1.34473982576614
-1.1916099786983
-1.25731753752785
-0.590291316517815
-0.940329630566176
-1.11952912607238
-1.10811283766048
-0.785381817319829
-0.707372525681949
-1.98043496995271
-0.819576577019386
-1.1090202143959
-1.17248360292588
-1.3787080320301
-1.16488464782498
-0.737953373118604
-1.76495257209263
-0.827577310383089
-1.22042056818112
0
0
0
0
0
0
0
0
0
0
0
0
0
0
0
0
0
0
0
0
0
0
0
0
0
0
0
0
0
0
0
0
0
0
0
0
0
0
0
0
0
0
0
0
0
0
0
0
0
0
0
0
0
0
0
0
0
0
0
0
0
0
0
0
0
0
0
0
0
0
0
0
0
0
0
0
0
0
0
0
0
0
0
0
0
0
0
0
0
0
0
0
0
0
0
0
0
0
0
0
0
0
0
0
0
0
0
0
0
0
0
0
0
0
0
0
0
0
0
0
0
0
0
0
0
0
0
0
0
0
0
0
0
0
0
0
0
0
0
0
0
0
0
0
0
0
0
0
0
0
0
0
0
0
0
0
0
0
0
0
0
0
0
0
0
0
0
0
0
0
0
0
0
0
0
0
0
0
0
0
0
0
0
0
0
0
0
0
0
0
0
0
0
0
0
0
0
0
0
0
0
0
0
0
0
0
0
0
0
0
0
0
0
0
0
0
0
0
0
0
0
0
0
0
0
0
0
0
0
0
0
0
0
0
0
0
0
0
0
0
0
0
0
0
0
0
0
0
0
0
0
0
0
0
0
0
0
0
0
0
0
0
0
0
0
0
0
0
0
0
0
0
0
0
0
0
0
0
0
0
0
0
0
0
0
0
0
0
0
0
0
0
0
0
0
0
0
0
0
0
0
0
0
0
0
0
0
0
0
0
0
0
0
0
0
0
0
0
0
0
0
0
0
0
0
0
0
0
0
0
0
0
0
0
0
0
0
0
0
0
0
0
0
0
0
0
0
0
0
0
0
0
0
0
0
0
0
0
0
0
0
0
0
0
0
0
0
0
0
0
0
0
0
0
0
0
0
0
0
0
0
0
0
0
0
0
0
0
0
0
0
0
0
0
0
0
0
0
0
0
0
0
0
0
0
0
0
0
0
0
0
0
0
0
0
0
0
0
0
0
0
0
0
0
0
0
0
0
0
0
0
0
0
0
0
0
0
0
0
0
0
0
0
0
0
0
0
0
0
0
0
0
0
0
0
0
0
0
0
0
0
0
0
0
0
0
0
0
0
0
0
0
0
0
0
0
0
0
0
0
0
0
0
0
0
0
0
0
0
0
0
0
0
0
0
0
0
0
0
0
0
0
0
0
0
0
0
0
0
0
0
0
0
0
0
0
0
0
0
0
0
0
0
0
0
0
0
0
0
0
0
0
0
0
0
0
0
0
0
0
0
0
0
0
0
0
0
0
0
0
0
0
0
0
0
0
0
0
0
0
0
0
0
0
0
0
0
0
0
0
0
0
0
0
0
0
0
0
0
0
0
0
0
0
0
0
0
0
0
0
0
0
0
0
0
0
0
0
0
0
0
0
0
0
0
0
0
0
0
0
0
0
0
0
0
0
0
0
0
0
0
0
0
0
0
0
0
0
0
0
0
0
0
0
0
0
0
0
0
0
0
0
0
0
0
0
0
0
0
0
0
0
0
0
0
0
0
0
0
0
0
0
0
0
0
0
0
0
0
0
0
0
0
0
0
0
0
0
0
0
0
0
0
0
0
0
0
0
0
0
0
0
0
0
0
0
0
0
0
0
0
0
0
0
0
0
0
0
0
0
0
0
0
0
0
0
0
0
0
0
0
0
0
0
0
0
0
0
0
0
0
0
0
0
0
0
0
0
0
0
0
0
0
0
0
0
0
0
0
0
0
0
0
0
0
0
0
0
0
0
0
0
0
0
0
0
0
0
0
0
0
0
0
0
0
0
0
0
0
0
0
0
0
0
0
0
0
0
0
0
0
0
0
0
0
0
0
0
0
0
0
0
0
0
0
0
0
0
0
0
0
0
0
0
0
0
0
0
0
0
0
0
0
0
0
0
0
0
0
0
0
0
0
0
0
0
0
0
0
0
0
0
0
0
0
0
0
0
0
0
0
0
0
0
0
0
0
0
0
0
0
0
0
0
0
0
0
0
0
0
0
0
0
0
0
0
0
0
0
0
0
0
0
0
0
0
0
0
0
0
0
0
0
0
0
0
0
0
0
0
0
0
0
0
0
0
0
0
0
0
0
0
0
0
0
0
0
0
0
0
0
0
0
0
0
0
0
0
0
0
0
0
0
0
0
0
0
0
0
0
0
0
0
0
0
0
0
0
0
0
0
0
0
0
0
0
0
0
0
0
0
0
0
0
0
0
0
0
0
0
0
0
0
0
0
0
0
0
0
0
0
0
0
0
0
0
0
0
0
0
0
0
0
0
0
0
0
0
0
0
0
0
0
0
0
0
0
0
0
0
0
0
0
0
0
0
0
0
0
0
0
0
0
0
0
0
0
0
0
0
0
0
0
0
0
0
0
0
0
0
0
0
0
0
0
0
0
0
0
0
0
0
0
0
0
0
0
0
0
0
0
0
0
0
0
0
0
0
0
0
0
0
0
0
0
0
0
0
0
0
0
0
0
0
0
0
0
0
0
0
0
0
0
0
0
0
0
0
0
0
0
0
0
0
0
0
0
0
0
0
0
0
0
0
0
0
0
0
0
0
0
0
0
0
0
0
0
0
0
0
0
0
0
0
0
0
0
0
0
0
0
0
0
0
0
0
0
0
0
0
0
0
0
0
0
0
0
0
0
0
0
0
0
0
0
0
0
0
0
0
0
0
0
0
0
0
0
0
0
0
0
0
0
0
0
0
0
0
0
0
0
0
0
0
0
0
0
0
0
0
0
0
0
0
0
0
0
0
0
0
0
0
0
0
0
0
0
0
0
0
0
0
0
0
0
0
0
0
0
0
0
0
0
0
0
0
0
0
0
0
0
0
0
0
0
0
0
0
0
0
0
0
0
0
0
0
0
0
0
0
0
0
0
0
0
0
0
0
0
0
0
0
0
0
0
0
0
0
0
0
0
0
0
0
0
0
0
0
0
0
0
0
0
0
0
0
0
0
0
0
0
0
0
0
0
0
0
0
0
0
0
0
0
0
0
0
0
0
0
0
0
0
0
0
0
0
0
0
0
0
0
0
0
0
0
0
0
0
0
0
0
0
0
0
0
0
0
0
0
0
0
0
0
0
0
0
0
0
0
0
0
0
0
0
0
0
0
0
0
0
0
0
0
0
0
0
0
0
0
0
0
0
0
0
0
0
0
0
0
0
0
0
0
0
0
0
0
0
0
0
0
0
0
0
0
0
0
0
0
0
0
0
0
0
0
0
0
0
0
0
0
0
0
0
0
0
0
0
0
0
0
0
0
0
0
0
0
0
0
0
0
0
0
0
0
0
0
0
0
0
0
0
0
0
0
0
0
0
0
0
0
0
0
0
0
0
0
0
0
0
0
0
0
0
0
0
0
0
0
0
0
0
0
0
0
0
0
0
0
0
0
0
0
0
0
0
0
0
0
0
0
0
0
0
0
0
0
0
0
0
0
0
0
0
0
0
0
0
0
0
0
0
0
0
0
0
0
0
0
0
0
0
0
0
0
0
0
0
0
0
0
0
0
0
0
0
0
0
0
0
0
0
0
0
0
0
0
0
0
0
0
0
0
0
0
0
0
0
0
0
0
0
0
0
0
0
0
0
0
0
0
0
0
0
0
0
0
0
0
0
0
0
0
0
0
0
0
0
0
0
0
0
0
0
0
0
0
0
0
0
0
0
0
0
0
0
0
0
0
0
0
0
0
0
0
0
0
0
0
0
0
0
0
0
0
0
0
0
0
0
0
0
0
0
0
0
0
0
0
0
0
0
0
0
0
0
0
0
0
0
0
0
0
0
0
0
0
0
0
0
0
0
0
0
0
0
0
0
0
0
0
0
0
0
0
0
0
0
0
0
0
0
0
0
0
0
0
0
0
0
0
0
0
0
0
0
0
0
0
0
0
0
0
0
0
0
0
0
0
0
0
0
0
0
0
0
0
0
0
0
0
0
0
0
0
0
0
0
0
0
0
0
0
0
0
0
0
0
0
0
0
0
0
0
0
0
0
0
0
0
0
0
0
0
0
0
0
0
0
0
0
0
0
0
0
0
0
0
0
0
0
0
0
0
0
0
0
0
0
0
0
0
0
0
0
0
0
0
0
0
0
0
0
0
0
0
0
0
0
0
0
0
0
0
0
0
0
0
0
0
0
0
0
0
0
0
0
0
0
0
0
0
0
0
0
0
0
0
0
0
0
0
0
0
0
0
0
0
0
0
0
0
0
0
0
0
0
0
0
0
0
0
0
0
0
0
0
0
0
0
0
0
0
0
0
0
0
0
0
0
0
0
0
0
0
0
0
0
0
0
0
0
0
0
0
0
0
0
0
0
0
0
0
0
0
0
0
0
0
0
0
0
0
0
0
0
0
0
0
0
0
0
0
0
0
0
0
0
0
0
0
0
0
0
0
0
0
0
0
0
0
0
0
0
0
0
0
0
0
0
0
0
0
0
0
0
0
0
0
0
0
0
0
0
0
0
0
0
0
0
0
0
0
0
0
0
0
0
0
0
0
0
0
0
0
0
0
0
0
0
0
0
0
0
0
0
0
0
0
0
0
0
0
0
0
0
0
0
0
0
0
0
0
0
0
0
0
0
0
0
0
0
0
0
0
0
0
0
0
0
0
0
0
0
0
0
0
0
0
0
0
0
0
0
0
0
0
0
0
0
0
0
0
0
0
0
0
0
0
0
0
0
0
0
0
0
0
0
0
0
0
0
0
0
0
0
0
0
0
0
0
0
0
0
0
0
0
0
0
0
0
0
0
0
0
0
0
0
0
0
0
0
0
0
0
0
0
0
0
0
0
0
0
0
0
0
0
0
0
0
0
0
0
0
0
0
0
0
0
0
0
0
0
0
0
0
0
0
0
0
0
0
0
0
0
0
0
0
0
0
0
0
0
0
0
0
0
0
0
0
0
0
0
0
0
0
0
0
0
0
0
0
0
0
0
0
0
0
0
0
0
0
0
0
0
0
0
0
0
0
0
0
0
0
0
0
0
0
0
0
0
0
0
0
0
0
0
0
0
0
0
0
0
0
0
0
0
0
0
0
0
0
0
0
0
0
0
0
0
0
0
0
0
0
0
0
0
0
0
0
0
0
0
0
0
0
0
0
0
0
0
0
0
0
0
0
0
0
0
0
0
0
0
0
0
0
0
0
0
0
0
0
0
0
0
0
0
0
0
0
0
0
0
0
0
0
0
0
0
0
0
0
0
0
0
0
0
0
0
0
0
0
0
0
0
0
0
0
0
0
0
0
0
0
0
0
0
0
0
0
0
0
0
0
0
0
0
0
0
0
0
0
0
0
0
0
0
0
0
0
0
0
0
0
0
0
0
0
0
0
0
0
0
0
0
0
0
0
0
0
0
0
0
0
0
0
0
0
0
0
0
0
0
0
0
0
0
0
0
0
0
0
0
0
0
0
0
0
0
0
0
0
0
0
0
0
0
0
0
0
0
0
0
0
0
0
0
0
0
0
0
0
0
0
0
0
0
0
0
0
0
0
0
0
0
0
0
0
0
0
0
0
0
0
0
0
0
0
0
0
0
0
0
0
0
0
0
0
0
0
0
0
0
0
0
0
0
0
0
0
0
0
0
0
0
0
0
0
0
0
0
0
0
0
0
0
0
0
0
0
0
0
0
0
0
0
0
0
0
0
0
0
0
0
0
0
0
0
0
0
0
0
0
0
0
0
0
0
0
0
0
0
0
0
0
0
0
0
0
0
0
0
0
0
0
0
0
0
0
0
0
0
0
0
0
0
0
0
0
0
0
0
0
0
0
0
0
0
0
0
0
0
0
0
0
0
0
0
0
0
0
0
0
0
0
0
0
0
0
0
0
0
0
0
0
0
0
0
0
0
0
0
0
0
0
0
0
0
0
0
0
0
0
0
0
0
0
0
0
0
0
0
0
0
0
0
0
0
0
0
0
0
0
0
0
0
0
0
0
0
0
0
0
0
0
0
0
0
0
0
0
0
0
0
0
0
0
0
0
0
0
0
0
0
0
0
0
0
0
0
0
0
0
0
0
0
0
0
0
0
0
0
0
0
0
0
0
0
0
0
0
0
0
0
0
0
0
0
0
0
0
0
0
0
0
0
0
0
0
0
0
0
0
0
0
0
0
0
0
0
0
0
0
0
0
0
0
0
0
0
0
0
0
0
0
0
0
0
0
0
0
0
0
0
0
0
0
0
0
0
0
0
0
0
0
0
0
0
0
0
0
0
0
0
0
0
0
0
0
0
0
0
0
0
0
0
0
0
0
0
0
0
0
0
0
0
0
0
0
0
0
0
0
0
0
0
0
0
0
0
0
0
0
0
0
0
0
0
0
0
0
0
0
0
0
0
0
0
0
0
0
0
0
0
0
0
0
0
0
0
0
0
0
0
0
0
0
0
0
0
0
0
0
0
0
0
0
0
0
0
0
0
0
0
0
0
0
0
0
0
0
0
0
0
0
0
0
0
0
0
0
0
0
0
0
0
0
0
0
0
0
0
0
0
0
0
0
0
0
0
0
0
0
0
0
0
0
0
0
0
0
0
0
0
0
0
0
0
0
0
0
0
0
0
0
0
0
0
0
0
0
0
0
0
0
0
0
0
0
0
0
0
0
0
0
0
0
0
0
0
0
0
0
0
0
0
0
0
0
0
0
0
0
0
0
0
0
0
0
0
0
0
0
0
0
0
0
0
0
0
0
0
0
0
0
0
0
0
0
0
0
0
0
0
0
0
0
0
0
0
0
0
0
0
0
0
0
0
0
0
0
0
0
0
0
0
0
0
0
0
0
0
0
0
0
0
0
0
0
0
0
0
0
0
0
0
0
0
0
0
0
0
0
0
0
0
0
0
0
0
0
0
0
0
0
0
0
0
0
0
0
0
0
0
0
0
0
0
0
0
0
0
0
0
0
0
0
0
0
0
0
0
0
0
0
0
0
0
0
0
0
0
0
0
0
0
0
0
0
0
0
0
0
0
0
0
0
0
0
0
0
0
0
0
0
0
0
0
0
0
0
0
0
0
0
0
0
0
0
0
0
0
0
0
0
0
0
0
0
0
0
0
0
0
0
0
0
0
0
0
0
0
0
0
0
0
0
0
0
0
0
0
0
0
0
0
0
0
0
0
0
0
0
0
0
0
0
0
0
0
0
0
0
0
0
0
0
0
0
0
0
0
0
0
0
0
0
0
0
0
0
0
0
0
0
0
0
0
0
0
0
0
0
0
0
0
0
0
0
0
0
0
0
0
0
0
0
0
0
0
0
0
0
0
0
0
0
0
0
0
0
0
0
0
0
0
0
0
0
0
0
0
0
0
0
0
0
0
0
0
0
0
0
0
0
0
0
0
0
0
0
0
0
0
0
0
0
0
0
0
0
0
0
0
0
0
0
0
0
0
0
0
0
0
0
0
0
0
0
0
0
0
0
0
0
0
0
0
0
0
0
0
0
0
0
0
0
0
0
0
0
0
0
0
0
0
0
0
0
0
0
0
0
0
0
0
0
0
0
0
0
0
0
0
0
0
0
0
0
0
0
0
0
0
0
0
0
0
0
0
0
0
0
0
0
0
0
0
0
0
0
0
0
0
0
0
0
0
0
0
0
0
0
0
0
0
0
0
0
0
0
0
0
0
0
0
0
0
0
0
0
0
0
0
0
0
0
0
0
0
0
0
0
0
0
0
0
0
0
0
0
0
0
0
0
0
0
0
0
0
0
0
0
0
0
0
0
0
0
0
0
0
0
0
0
0
0
0
0
0
0
0
0
0
0
0
0
0
0
0
0
0
0
0
0
0
0
0
0
0
0
0
0
0
0
0
0
0
0
0
0
0
0
0
0
0
0
0
0
0
0
0
0
0
0
0
0
0
0
0
0
0
0
0
0
0
0
0
0
0
0
0
0
0
0
0
0
0
0
0
0
0
0
0
0
0
0
0
0
0
0
0
0
0
0
0
0
0
0
0
0
0
0
0
0
0
0
0
0
0
0
0
0
0
0
0
0
0
0
0
0
0
0
0
0
0
0
0
0
0
0
0
0
0
0
0
0
0
0
0
0
0
0
0
0
0
0
0
0
0
0
0
0
0
0
0
0
0
0
0
0
0
0
0
0
0
0
0
0
0
0
0
0
0
0
0
0
0
0
0
0
0
0
0
0
0
0
0
0
0
0
0
0
0
0
0
0
0
0
0
0
0
0
0
0
0
0
0
0
0
0
0
0
0
0
0
0
0
0
0
0
0
0
0
0
0
0
0
0
0
0
0
0
0
0
0
0
0
0
0
0
0
0
0
0
0
0
0
0
0
0
0
0
0
0
0
0
0
0
0
0
0
0
0
0
0
0
0
0
0
0
0
0
0
0
0
0
0
0
0
0
0
0
0
0
0
0
0
0
0
0
0
0
0
0
0
0
0
0
0
0
0
0
0
0
0
0
0
0
0
0
0
0
0
0
0
0
0
0
0
0
0
0
0
0
0
0
0
0
0
0
0
0
0
0
0
0
0
0
0
0
0
0
0
0
0
0
0
0
0
0
0
0
0
0
0
0
0
0
0
0
0
0
0
0
0
0
0
0
0
0
0
0
0
0
0
0
0
0
0
0
0
0
0
0
0
0
0
0
0
0
0
0
0
0
0
0
0
0
0
0
0
0
0
0
0
0
0
0
0
0
0
0
0
0
0
0
0
0
0
0
0
0
0
0
0
0
0
0
0
0
0
0
0
0
0
0
0
0
0
0
0
0
0
0
0
0
0
0
0
0
0
0
0
0
0
0
0
0
0
0
0
0
0
0
0
0
0
0
0
0
0
0
0
0
0
0
0
0
0
0
0
0
0
0
0
0
0
0
0
0
0
0
0
0
0
0
0
0
0
0
0
0
0
0
0
0
0
0
0
0
0
0
0
0
0
0
0
0
0
0
0
0
0
0
0
0
0
0
0
0
0
0
0
0
0
0
0
0
0
0
0
0
0
0
0
0
0
0
0
0
0
0
0
0
0
0
0
0
0
0
0
0
0
0
0
0
0
0
0
0
0
0
0
0
0
0
0
0
0
0
0
0
0
0
0
0
0
0
0
0
0
0
0
0
0
0
0
0
0
0
0
0
0
0
0
0
0
0
0
0
0
0
0
0
0
0
0
0
0
0
0
0
0
0
0
0
0
0
0
0
0
0
0
0
0
0
0
0
0
0
0
0
0
0
0
0
0
0
0
0
0
0
0
0
0
0
0
0
0
0
0
0
0
0
0
0
0
0
0
0
0
0
0
0
0
0
0
0
0
0
0
0
0
0
0
0
0
0
0
0
0
0
0
0
0
0
0
0
0
0
0
0
0
0
0
0
0
0
0
0
0
0
0
0
0
0
0
0
0
0
0
0
0
0
0
0
0
0
0
0
0
0
0
0
0
0
0
0
0
0
0
0
0
0
0
0
0
0
0
0
0
0
0
0
0
0
0
0
0
0
0
0
0
0
0
0
0
0
0
0
0
0
0
0
0
0
0
0
0
0
0
0
0
0
0
0
0
0
0
0
0
0
0
0
0
0
0
0
0
0
0
0
0
0
0
0
0
0
0
0
0
0
0
0
0
0
0
0
0
0
0
0
0
0
0
0
0
0
0
0
0
0
0
0
0
0
0
0
0
0
0
0
0
0
0
0
0
0
0
0
0
0
0
0
0
0
0
0
0
0
0
0
0
0
0
0
0
0
0
0
0
0
0
0
0
0
0
0
0
0
0
0
0
0
0
0
0
0
0
0
0
0
0
0
0
0
0
0
0
0
0
0
0
0
0
0
0
0
0
0
0
0
0
0
0
0
0
0
0
0
0
0
0
0
0
0
0
0
0
0
0
0
0
0
0
0
0
0
0
0
0
0
0
0
0
0
0
0
0
0
0
0
0
0
0
0
0
0
0
0
0
0
0
0
0
0
0
0
0
0
0
0
0
0
0
0
0
0
0
0
0
0
0
0
0
0
0
0
0
0
0
0
0
0
0
0
0
0
0
0
0
0
0
0
0
0
0
0
0
0
0
0
0
0
0
0
0
0
0
0
0
0
0
0
0
0
0
0
0
0
0
0
0
0
0
0
0
0
0
0
0
0
0
0
0
0
0
0
0
0
0
0
0
0
0
0
0
0
0
0
0
0
0
0
0
0
0
0
0
0
0
0
0
0
0
0
0
0
0
0
0
0
0
0
0
0
0
0
0
0
0
0
0
0
0
0
0
0
0
0
0
0
0
0
0
0
0
0
0
0
0
0
0
0
0
0
0
0
0
0
0
0
0
0
0
0
0
0
0
0
0
0
0
0
0
0
0
0
0
0
0
0
0
0
0
0
0
0
0
0
0
0
0
0
0
0
0
0
0
0
0
0
0
0
0
0
0
0
0
0
0
0
0
0
0
0
0
0
0
0
0
0
0
0
0
0
0
0
0
0
0
0
0
0
0
0
0
0
0
0
0
0
0
0
0
0
0
0
0
0
0
0
0
0
0
0
0
0
0
0
0
0
0
0
0
0
0
0
0
0
0
0
0
0
0
0
0
0
0
0
0
0
0
0
0
0
0
0
0
0
0
0
0
0
0
0
0
0
0
0
0
0
0
0
0
0
0
0
0
0
0
0
0
0
0
0
0
0
0
0
0
0
0
0
0
0
0
0
0
0
0
0
0
0
0
0
0
0
0
0
0
0
0
0
0
0
0
0
0
0
0
0
0
0
0
0
0
0
0
0
0
0
0
0
0
0
0
0
0
0
0
0
0
0
0
0
0
0
0
0
0
0
0
0
0
0
0
0
0
0
0
0
0
0
0
0
0
0
0
0
0
0
0
0
0
0
0
0
0
0
0
0
0
0
0
0
0
0
0
0
0
0
0
0
0
0
0
0
0
0
0
0
0
0
0
0
0
0
0
0
0
0
0
0
0
0
0
0
0
0
0
0
0
0
0
0
0
0
0
0
0
0
0
0
0
0
0
0
0
0
0
0
0
0
0
0
0
0
0
0
0
0
0
0
0
0
0
0
0
0
0
0
0
0
0
0
0
0
0
0
0
0
0
0
0
0
0
0
0
0
0
0
0
0
0
0
0
0
0
0
0
0
0
0
0
0
0
0
0
0
0
0
0
0
0
0
0
0
0
0
0
0
0
0
0
0
0
0
0
0
0
0
0
0
0
0
0
0
0
0
0
0
0
0
0
0
0
0
0
0
0
0
0
0
0
0
0
0
0
0
0
0
0
0
0
0
0
0
0
0
0
0
0
0
0
0
0
0
0
0
0
0
0
0
0
0
0
0
0
0
0
0
0
0
0
0
0
0
0
0
0
0
0
0
0
0
0
0
0
0
0
0
0
0
0
0
0
0
0
0
0
0
0
0
0
0
0
0
0
0
0
0
0
0
0
0
0
0
0
0
0
0
0
0
0
0
0
0
0
0
0
0
0
0
0
0
0
0
0
0
0
0
0
0
0
0
0
0
0
0
0
0
0
0
0
0
0
0
0
0
0
0
0
0
0
0
0
0
0
0
0
0
0
0
0
0
0
0
0
0
0
0
0
0
0
0
0
0
0
0
0
0
0
0
0
0
0
0
0
0
0
0
0
0
0
0
0
0
0
0
0
0
0
0
0
0
0
0
0
0
0
0
0
0
0
0
0
0
0
0
0
0
0
0
0
0
0
0
0
0
0
0
0
0
0
0
0
0
0
0
0
0
0
0
0
0
0
0
0
0
0
0
0
0
0
0
0
0
0
0
0
0
0
0
0
0
0
0
0
0
0
0
0
0
0
0
0
0
0
0
0
0
0
0
0
0
0
0
0
0
0
0
0
0
0
0
0
0
0
0
0
0
0
0
0
0
0
0
0
0
0
0
0
0
0
0
0
0
0
0
0
0
0
0
0
0
0
0
0
0
0
0
0
0
0
0
0
0
0
0
0
0
0
0
0
0
0
0
0
0
0
0
0
0
0
0
0
0
0
0
0
0
0
0
0
0
0
0
0
0
0
0
0
0
0
0
0
0
0
0
0
0
0
0
0
0
0
0
0
0
0
0
0
0
0
0
0
0
0
0
0
0
0
0
0
0
0
0
0
0
0
0
0
0
0
0
0
0
0
0
0
0
0
0
0
0
0
0
0
0
0
0
0
0
0
0
0
0
0
0
0
0
0
0
0
0
0
0
0
0
0
0
0
0
0
0
0
0
0
0
0
0
0
0
0
0
0
0
0
0
0
0
0
0
0
0
0
0
0
0
0
0
0
0
0
0
0
0
0
0
0
0
0
0
0
0
0
0
0
0
0
0
0
0
0
0
0
0
0
0
0
0
0
0
0
0
0
0
0
0
0
0
0
0
0
0
0
0
0
0
0
0
0
0
0
0
0
0
0
0
0
0
0
0
0
0
0
0
0
0
0
0
0
0
0
0
0
0
0
0
0
0
0
0
0
0
0
0
0
0
0
0
0
0
0
0
0
0
0
0
0
0
0
0
0
0
0
0
0
0
0
0
0
0
0
0
0
0
0
0
0
0
0
0
0
0
0
0
0
0
0
0
0
0
0
0
0
0
0
0
0
0
0
0
0
0
0
0
0
0
0
0
0
0
0
0
0
0
0
0
0
0
0
0
0
0
0
0
0
0
0
0
0
0
0
0
0
0
0
0
0
0
0
0
0
0
0
0
0
0
0
0
0
0
0
0
0
0
0
0
0
0
0
0
0
0
0
0
0
0
0
0
0
0
0
0
0
0
0
0
0
0
0
0
0
0
0
0
0
0
0
0
0
0
0
0
0
0
0
0
0
0
0
0
0
0
0
0
0
0
0
0
0
0
0
0
0
0
0
0
0
0
0
0
0
0
0
0
0
0
0
0
0
0
0
0
0
0
0
0
0
0
0
0
0
0
0
0
0
0
0
0
0
0
0
0
0
0
0
0
0
0
0
0
0
0
0
0
0
0
0
0
0
0
0
0
0
0
0
0
0
0
0
0
0
0
0
0
0
0
0
0
0
0
0
0
0
0
0
0
0
0
0
0
0
0
0
0
0
0
0
0
0
0
0
0
0
0
0
0
0
0
0
0
0
0
0
0
0
0
0
0
0
0
0
0
0
0
0
0
0
0
0
0
0
0
0
0
0
0
0
0
0
0
0
0
0
0
0
0
0
0
0
0
0
0
0
0
0
0
0
0
0
0
0
0
0
0
0
0
0
0
0
0
0
0
0
0
0
0
0
0
0
0
0
0
0
0
0
0
0
0
0
0
0
0
0
0
0
0
0
0
0
0
0
0
0
0
0
0
0
0
0
0
0
0
0
0
0
0
0
0
0
0
0
0
0
0
0
0
0
0
0
0
0
0
0
0
0
0
0
0
0
0
0
0
0
0
0
0
0
0
0
0
0
0
0
0
0
0
0
0
0
0
0
0
0
0
0
0
0
0
0
0
0
0
0
0
0
0
0
0
0
0
0
0
0
0
0
0
0
0
0
0
0
0
0
0
0
0
0
0
0
0
0
0
0
0
0
0
0
0
0
0
0
0
0
0
0
0
0
0
0
0
0
0
0
0
0
0
0
0
0
0
0
0
0
0
0
0
0
0
0
0
0
0
0
0
0
0
0
0
0
0
0
0
0
0
0
0
0
0
0
0
0
0
0
0
0
0
0
0
0
0
0
0
0
0
0
0
0
0
0
0
0
0
0
0
0
0
0
0
0
0
0
0
0
0
0
0
0
0
0
0
0
0
0
0
0
0
0
0
0
0
0
0
0
0
0
0
0
0
0
0
0
0
0
0
0
0
0
0
0
0
0
0
0
0
0
0
0
0
0
0
0
0
0
0
0
0
0
0
0
0
0
0
0
0
0
0
0
0
0
0
0
0
0
0
0
0
0
0
0
0
0
0
0
0
0
0
0
0
0
0
0
0
0
0
0
0
0
0
0
0
0
0
0
0
0
0
0
0
0
0
0
0
0
0
0
0
0
0
0
0
0
0
0
0
0
0
0
0
0
0
0
0
0
0
0
0
0
0
0
0
0
0
0
0
0
0
0
0
0
0
0
0
0
0
0
0
0
0
0
0
0
0
0
0
0
0
0
0
0
0
0
0
0
0
0
0
0
0
0
0
0
0
0
0
0
0
0
0
0
0
0
0
0
0
0
0
0
0
0
0
0
0
0
0
0
0
0
0
0
0
0
0
0
0
0
0
0
0
0
0
0
0
0
0
0
0
0
0
0
0
0
0
0
0
0
0
0
0
0
0
0
0
0
0
0
0
0
0
0
0
0
0
0
0
0
0
0
0
0
0
0
0
0
0
0
0
0
0
0
0
0
0
0
0
0
0
0
0
0
0
0
0
0
0
0
0
0
0
0
0
0
0
0
0
0
0
0
0
0
0
0
0
0
0
0
0
0
0
0
0
0
0
0
0
0
0
0
0
0
0
0
0
0
0
0
0
0
0
0
0
0
0
0
0
0
0
0
0
0
0
0
0
0
0
0
0
0
0
0
0
0
0
0
0
0
0
0
0
0
0
0
0
0
0
0
0
0
0
0
0
0
0
0
0
0
0
0
0
0
0
0
0
0
0
0
0
0
0
0
0
0
0
0
0
0
0
0
0
0
0
0
0
0
0
0
0
0
0
0
0
0
0
0
0
0
0
0
0
0
0
0
0
0
0
0
0
0
0
0
0
0
0
0
0
0
0
0
0
0
0
0
0
0
0
0
0
0
0
0
0
0
0
0
0
0
0
0
0
0
0
0
0
0
0
0
0
0
0
0
0
0
0
0
0
0
0
0
0
0
0
0
0
0
0
0
0
0
0
0
0
0
0
0
0
0
0
0
0
0
0
0
0
0
0
0
0
0
0
0
0
0
0
0
0
0
0
0
0
0
0
0
0
0
0
0
0
0
0
0
0
0
0
0
0
0
0
0
0
0
0
0
0
0
0
0
0
0
0
0
0
0
0
0
0
0
0
0
0
0
0
0
0
0
0
0
0
0
0
0
0
0
0
0
0
0
0
0
0
0
0
0
0
0
0
0
0
0
0
0
0
0
0
0
0
0
0
0
0
0
0
0
0
0
0
0
0
0
0
0
0
0
0
0
0
0
0
0
0
0
0
0
0
0
0
0
0
0
0
0
0
0
0
0
0
0
0
0
0
0
0
0
0
0
0
0
0
0
0
0
0
0
0
0
0
0
0
0
0
0
0
0
0
0
0
0
0
0
0
0
0
0
0
0
0
0
0
0
0
0
0
0
0
0
0
0
0
0
0
0
0
0
0
0
0
0
0
0
0
0
0
0
0
0
0
0
0
0
0
0
0
0
0
0
0
0
0
0
0
0
0
0
0
0
0
0
0
0
0
0
0
0
0
0
0
0
0
0
0
0
0
0
0
0
0
0
0
0
0
0
0
0
0
0
0
0
0
0
0
0
0
0
0
0
0
0
0
0
0
0
0
0
0
0
0
0
0
0
0
0
0
0
0
0
0
0
0
0
0
0
0
0
0
0
0
0
0
0
0
0
0
0
0
0
0
0
0
0
0
0
0
0
0
0
0
0
0
0
0
0
0
0
0
0
0
0
0
0
0
0
0
0
0
0
0
0
0
0
0
0
0
0
0
0
0
0
0
0
0
0
0
0
0
0
0
0
0
0
0
0
0
0
0
0
0
0
0
0
0
0
0
0
0
0
0
0
0
0
0
0
0
0
0
0
0
0
0
0
0
0
0
0
0
0
0
0
0
0
0
0
0
0
0
0
0
0
0
0
0
0
0
0
0
0
0
0
0
0
0
0
0
0
0
0
0
0
0
0
0
0
0
0
0
0
0
0
0
0
0
0
0
0
0
0
0
0
0
0
0
0
0
0
0
0
0
0
0
0
0
0
0
0
0
0
0
0
0
0
0
0
0
0
0
0
0
0
0
0
0
0
0
0
0
0
0
0
0
0
0
0
0
0
0
0
0
0
0
0
0
0
0
0
0
0
0
0
0
0
0
0
0
0
0
0
0
0
0
0
0
0
0
0
0
0
0
0
0
0
0
0
0
0
0
0
0
0
0
0
0
0
0
0
0
0
0
0
0
0
0
0
0
0
0
0
0
0
0
0
0
0
0
0
0
0
0
0
0
0
0
0
0
0
0
0
0
0
0
0
0
0
0
0
0
0
0
0
0
0
0
0
0
0
0
0
0
0
0
0
0
0
0
0
0
0
0
0
0
0
0
0
0
0
0
0
0
0
0
0
0
0
0
0
0
0
0
0
0
0
0
0
0
0
0
0
0
0
0
0
0
0
0
0
0
0
0
0
0
0
0
0
0
0
0
0
0
0
0
0
0
0
0
0
0
0
0
0
0
0
0
0
0
0
0
0
0
0
0
0
0
0
0
0
0
0
0
0
0
0
0
0
0
0
0
0
0
0
0
0
0
0
0
0
0
0
0
0
0
0
0
0
0
0
0
0
0
0
0
0
0
0
0
0
0
0
0
0
0
0
0
0
0
0
0
0
0
0
0
0
0
0
0
0
0
0
0
0
0
0
0
0
0
0
0
0
0
0
0
0
0
0
0
0
0
0
0
0
0
0
0
0
0
0
0
0
0
0
0
0
0
0
0
0
0
0
0
0
0
0
0
0
0
0
0
0
0
0
0
0
0
0
0
0
0
0
0
0
0
0
0
0
0
0
0
0
0
0
0
0
0
0
0
0
0
0
0
0
0
0
0
0
0
0
0
0
0
0
0
0
0
0
0
0
0
0
0
0
0
0
0
0
0
0
0
0
0
0
0
0
0
0
0
0
0
0
0
0
0
0
0
0
0
0
0
0
0
0
0
0
0
0
0
0
0
0
0
0
0
0
0
0
0
0
0
0
0
0
0
0
0
0
0
0
0
0
0
0
0
0
0
0
0
0
0
0
0
0
0
0
0
0
0
0
0
0
0
0
0
0
0
0
0
0
0
0
0
0
0
0
0
0
0
0
0
0
0
0
0
0
0
0
0
0
0
0
0
0
0
0
0
0
0
0
0
0
0
0
0
0
0
0
0
0
0
0
0
0
0
0
0
0
0
0
0
0
0
0
0
0
0
0
0
0
0
0
0
0
0
0
0
0
0
0
0
0
0
0
0
0
0
0
0
0
0
0
0
0
0
0
0
0
0
0
0
0
0
0
0
0
0
0
0
0
0
0
0
0
0
0
0
0
0
0
0
0
0
0
0
0
0
0
0
0
0
0
0
0
0
0
0
0
0
0
0
0
0
0
0
0
0
0
0
0
0
0
0
0
0
0
0
0
0
0
0
0
0
0
0
0
0
0
0
0
0
0
0
0
0
0
0
0
0
0
0
0
0
0
0
0
0
0
0
0
0
0
0
0
0
0
0
0
0
0
0
0
0
0
0
0
0
0
0
0
0
0
0
0
0
0
0
0
0
0
0
0
0
0
0
0
0
0
0
0
0
0
0
0
0
0
0
0
0
0
0
0
0
0
0
0
0
0
0
0
0
0
0
0
0
0
0
0
0
0
0
0
0
0
0
0
0
0
0
0
0
0
0
0
0
0
0
0
0
0
0
0
0
0
0
0
0
0
0
0
0
0
0
0
0
0
0
0
0
0
0
0
0
0
0
0
0
0
0
0
0
0
0
0
0
0
0
0
0
0
0
0
0
0
0
0
0
0
0
0
0
0
0
0
0
0
0
0
0
0
0
0
0
0
0
0
0
0
0
0
0
0
0
0
0
0
0
0
0
0
0
0
0
0
0
0
0
0
0
0
0
0
0
0
0
0
0
0
0
0
0
0
0
0
0
0
0
0
0
0
0
0
0
0
0
0
0
0
0
0
0
0
0
0
0
0
0
0
0
0
0
0
0
0
0
0
0
0
0
0
0
0
0
0
0
0
0
0
0
0
0
0
0
0
0
0
0
0
0
0
0
0
0
0
0
0
0
0
0
0
0
0
0
0
0
0
0
0
0
0
0
0
0
0
0
0
0
0
0
0
0
0
0
0
0
0
0
0
0
0
0
0
0
0
0
0
0
0
0
0
0
0
0
0
0
0
0
0
0
0
0
0
0
0
0
0
0
0
0
0
0
0
0
0
0
0
0
0
0
0
0
0
0
0
0
0
0
0
0
0
0
0
0
0
0
0
0
0
0
0
0
0
0
0
0
0
0
0
0
0
0
0
0
0
0
0
0
0
0
0
0
0
0
0
0
0
0
0
0
0
0
0
0
0
0
0
0
0
0
0
0
0
0
0
0
0
0
0
0
0
0
0
0
0
0
0
0
0
0
0
0
0
0
0
0
0
0
0
0
0
0
0
